192
60
217
2
25
46
24
3
40
69
32
25
104
35
192
108
137
180
3
62
158
160
8
0
44
246
18
6
195
216
64
28
39
98
96
114
21
35
129
187
211
90
5
35
242
144
31
65
143
6
33
8
186
225
240
45
201
250
96
155
222
220
130
129
250
192
8
124
90
244
45
130
124
191
70
12
66
242
148
63
225
125
128
251
124
147
67
113
56
95
13
217
27
172
57
67
113
134
234
18
31
182
84
76
151
123
33
38
68
217
68
177
134
42
16
196
57
164
66
196
168
174
79
20
101
74
104
90
177
144
65
64
110
35
5
154
121
51
21
21
232
88
80
197
68
145
111
27
101
34
232
110
172
190
209
162
242
91
6
134
48
175
25
64
173
228
97
134
243
193
208
31
113
24
160
122
74
150
1
202
249
152
7
216
79
147
28
19
138
184
113
71
13
156
214
35
12
224
44
131
105
201
82
59
237
77
200
255
163
72
34
186
54
76
130
72
219
236
186
37
208
53
96
157
127
252
146
112
70
84
201
225
161
154
38
186
251
4
150
201
254
141
127
42
51
118
124
169
176
97
114
157
50
9
74
158
156
239
41
19
51
4
174
202
178
83
169
46
39
62
164
187
135
50
98
253
162
213
75
194
138
155
46
194
75
216
179
75
108
130
31
51
28
126
144
192
145
38
3
1
94
46
140
248
76
102
51
108
80
88
201
204
61
135
165
52
198
245
168
218
3
75
3
64
73
134
13
106
96
209
53
121
155
16
218
205
165
142
27
59
156
41
12
239
54
207
35
160
176
83
142
119
251
134
59
143
108
152
234
78
209
14
203
63
68
37
216
249
99
42
131
252
105
174
79
161
194
74
62
98
173
4
245
143
44
211
195
65
146
89
33
7
150
174
148
20
35
106
80
32
141
217
65
27
88
137
7
16
222
164
226
69
83
125
9
22
18
93
36
80
148
114
145
201
46
59
69
179
213
57
24
81
25
178
159
74
240
48
21
35
8
38
148
172
99
19
210
253
4
31
75
114
81
161
46
210
182
250
240
78
9
117
149
57
47
234
148
248
109
176
83
34
253
185
79
215
102
145
59
83
144
234
82
81
21
48
113
74
17
152
53
56
9
146
20
11
196
209
83
225
128
129
72
84
78
124
225
87
210
238
149
93
114
112
197
117
53
120
149
72
101
228
85
129
77
77
83
149
177
151
74
91
65
166
201
103
156
174
197
149
162
201
22
198
108
103
89
3
235
41
97
214
202
234
51
93
54
90
165
112
98
71
101
237
15
56
151
58
243
149
92
106
36
21
126
151
130
23
56
99
194
88
37
137
137
23
38
43
64
60
216
22
90
49
99
39
187
45
132
152
157
203
188
102
186
135
117
155
251
113
86
116
112
22
89
121
197
13
103
188
152
61
146
217
90
214
148
107
84
151
205
175
179
72
54
181
37
25
154
91
221
55
105
66
222
89
167
90
227
158
41
110
244
127
129
191
117
171
102
214
245
37
27
27
93
184
110
198
210
149
179
91
229
27
29
113
64
52
21
199
136
165
231
48
64
251
28
43
238
152
112
16
70
245
203
28
126
64
65
119
3
26
217
217
98
137
55
127
1
161
93
180
95
136
119
176
111
245
213
157
82
213
87
122
12
161
17
230
169
178
119
139
224
196
30
80
164
167
122
111
9
81
234
30
88
109
40
127
167
7
9
249
54
192
231
231
62
97
223
255
65
174
125
168
182
81
240
95
138
230
11
130
38
181
166
14
6
8
88
33
80
194
160
113
188
58
131
9
92
238
5
96
62
30
198
132
191
118
98
16
236
246
24
70
80
54
225
46
33
252
135
213
34
98
24
33
89
210
1
138
34
119
106
36
112
151
200
161
2
247
34
195
155
48
139
81
85
202
38
98
249
127
158
142
116
96
2
56
155
164
24
198
84
207
163
228
1
241
140
193
143
18
49
227
116
76
96
144
69
134
18
77
210
40
9
19
113
83
164
34
186
245
147
126
62
90
72
36
141
246
84
149
197
74
146
86
178
86
169
114
163
96
37
68
245
85
149
96
61
230
89
165
107
190
228
154
146
40
54
98
121
203
105
170
4
225
166
180
38
26
154
191
235
166
105
38
67
197
193
157
241
151
234
114
235
62
137
211
54
187
231
23
253
41
156
126
235
90
124
103
80
152
83
163
140
243
138
138
108
188
186
26
181
125
232
62
92
69
162
91
161
38
141
168
169
64
207
164
237
68
246
149
31
101
186
77
125
35
41
111
251
118
166
210
161
154
150
233
157
155
151
168
165
42
234
165
144
215
234
136
230
185
170
58
29
224
169
9
230
138
170
170
14
58
198
172
233
177
218
187
54
140
58
195
61
165
43
50
220
172
175
89
89
98
186
235
234
62
80
176
247
206
158
194
8
15
219
3
198
242
172
195
51
237
178
4
26
26
192
236
54
220
182
183
239
249
154
218
62
243
123
125
115
144
109
59
209
122
182
154
226
162
223
45
34
62
21
186
215
151
78
224
35
26
187
164
10
23
46
8
87
10
187
248
250
22
226
110
217
178
222
189
26
201
162
247
2
204
187
215
48
197
47
229
115
60
189
112
250
146
250
47
127
191
47
194
106
178
119
4
60
146
76
31
95
1
48
185
154
232
193
221
73
215
9
176
57
76
51
198
41
232
139
30
245
12
76
116
107
179
177
149
195
110
197
61
185
139
25
49
28
146
67
202
69
182
91
33
235
9
92
138
201
246
114
168
192
71
201
245
82
251
43
50
228
236
63
205
11
251
23
61
148
226
204
248
190
236
243
24
112
233
205
116
215
67
57
115
233
33
183
210
178
189
135
73
138
100
61
6
230
10
52
70
248
248
211
236
52
159
69
180
176
151
79
214
45
220
63
83
241
218
157
114
33
12
53
236
231
110
215
102
39
239
95
53
188
1
28
217
167
50
175
97
120
145
141
177
210
20
54
85
153
13
216
118
139
167
106
182
176
91
34
222
246
212
187
120
200
156
173
201
44
144
183
121
196
248
221
41
100
131
120
119
184
155
64
227
105
255
151
137
150
128
174
19
223
216
120
240
106
249
227
229
84
107
132
56
203
194
43
229
208
129
55
150
91
160
110
126
79
45
249
232
77
45
228
49
112
127
156
185
135
223
222
232
228
162
43
164
15
156
158
177
231
86
58
6
198
115
234
211
221
115
166
58
97
150
138
238
170
117
147
185
153
2
14
253
191
247
123
77
154
218
237
251
109
159
191
251
167
239
38
240
67
146
187
195
85
179
111
62
172
224
188
148
61
116
240
102
237
179
197
188
57
24
250
246
112
121
231
223
127
109
79
89
234
195
61
97
17
128
244
246
247
43
220
125
194
70
182
250
19
132
39
229
98
45
207
162
160
133
62
126
252
38
248
130
59
223
237
62
154
209
171
252
22
204
207
241
225
32
159
254
150
3
63
56
233
221
255
105
245
235
240
255
226
162
41
3
99
132
144
4
234
97
0
31
105
186
64
155
218
186
3
181
87
100
9
0
122
25
118
4
43
178
92
16
62
40
192
71
212
209
193
156
175
148
4
181
12
68
30
129
186
127
147
10
193
187
104
42
30
192
128
149
205
19
194
191
255
93
10
225
106
92
32
130
165
210
209
15
253
43
236
58
70
39
80
198
184
42
3
197
230
169
14
108
200
4
63
131
17
231
242
18
159
28
108
68
18
81
17
30
176
234
4
135
38
199
17
255
180
228
76
196
52
30
149
22
145
240
88
94
27
81
97
123
49
206
197
229
117
174
21
74
65
156
89
197
205
97
169
25
121
168
200
102
76
63
161
176
142
243
134
138
216
109
26
131
220
56
110
6
139
188
217
30
142
32
0
119
76
152
65
201
35
0
135
157
160
59
30
141
0
4
118
199
135
130
228
33
136
201
56
129
120
169
130
46
85
37
136
160
232
182
34
241
40
136
135
200
209
61
166
37
35
69
180
144
163
182
162
127
26
206
73
118
169
235
38
118
84
24
144
201
243
115
150
42
11
67
188
164
173
150
242
168
252
96
202
136
247
152
41
182
133
88
168
202
37
213
132
45
133
96
116
190
80
3
66
247
130
48
11
213
7
179
46
138
93
216
190
139
203
27
157
50
181
236
124
200
124
143
243
52
101
235
140
150
88
124
51
75
216
76
196
204
255
194
66
55
72
120
172
210
107
85
99
70
31
141
205
201
209
255
54
245
14
216
214
77
7
119
67
57
166
217
84
224
202
160
211
146
223
164
14
127
183
79
57
100
155
176
229
206
193
80
136
63
210
100
56
246
54
182
227
202
160
35
15
47
195
186
60
194
249
96
243
15
65
216
96
65
53
51
109
4
160
159
180
37
215
90
80
167
113
200
67
124
4
89
7
16
208
218
2
71
157
52
9
16
142
25
228
120
103
240
145
239
218
230
69
80
102
129
21
145
82
41
236
74
150
49
237
43
72
222
52
167
51
164
18
68
168
226
72
241
219
201
44
82
93
61
73
77
14
228
33
56
170
177
84
223
107
165
211
46
201
216
79
121
194
209
61
211
236
229
23
81
212
166
217
72
124
55
213
59
190
175
212
28
218
28
83
197
223
193
71
84
241
243
69
85
89
18
169
81
61
28
5
106
171
159
85
172
250
165
87
167
62
77
83
21
155
142
71
88
94
73
89
99
196
222
245
142
195
223
150
232
246
136
88
7
94
129
101
22
117
13
3
94
14
53
97
120
236
86
245
192
45
73
151
243
174
208
92
123
62
5
116
215
180
130
37
99
142
188
149
137
197
45
198
55
227
174
152
44
134
13
99
35
67
41
139
216
61
185
6
102
110
23
49
144
45
221
38
81
161
229
153
152
17
35
100
254
75
9
151
89
228
146
154
105
50
253
229
170
165
192
214
168
5
168
26
47
126
64
106
214
1
237
165
26
225
108
215
109
31
224
1
180
83
109
86
245
223
76
219
204
129
200
111
66
43
77
185
219
234
194
105
114
32
227
89
205
222
166
119
7
74
77
156
47
79
46
115
106
162
53
197
220
42
80
147
116
79
247
5
215
210
242
87
125
247
245
29
202
122
125
119
50
220
189
218
93
60
247
146
122
224
229
141
232
101
45
103
131
169
225
94
151
59
60
120
60
86
65
231
158
47
214
251
127
55
197
201
240
30
115
183
227
204
183
31
65
139
66
127
221
154
153
241
31
250
135
29
131
212
43
70
15
55
175
56
50
26
35
32
188
191
77
129
70
231
10
5
32
178
83
237
135
251
138
142
20
243
111
168
120
49
121
33
8
224
149
134
49
113
234
31
33
216
93
161
136
190
22
74
32
223
55
8
131
107
210
162
60
219
151
137
157
242
202
40
98
72
24
98
140
129
88
38
61
23
125
232
226
200
206
227
61
95
193
140
170
216
194
50
163
86
232
16
147
117
248
106
76
152
136
201
33
27
188
164
176
140
190
144
141
240
22
75
36
63
58
119
149
99
45
234
93
2
61
105
76
164
104
101
90
114
147
150
200
83
238
95
229
220
187
166
155
205
140
6
109
124
2
153
189
242
248
230
30
57
186
153
90
130
226
101
38
24
159
23
158
168
94
178
120
91
190
153
193
149
232
39
28
185
70
159
207
227
190
121
39
240
110
38
162
142
213
82
133
200
126
218
1
8
55
168
155
7
192
161
212
139
106
140
40
254
203
235
165
155
106
6
147
151
108
42
89
23
16
105
82
165
122
167
250
139
82
158
105
138
104
13
171
191
98
46
161
200
146
42
176
80
36
170
152
138
193
171
250
190
134
169
170
103
109
46
173
227
221
94
176
226
71
90
220
25
43
43
195
180
225
173
63
254
250
177
43
96
3
175
178
231
82
14
201
116
201
91
59
28
68
108
25
241
112
179
39
247
162
198
172
88
154
115
183
9
85
150
218
43
12
43
104
146
80
237
210
165
82
180
126
220
222
220
109
159
173
201
186
244
21
142
236
157
204
91
179
169
1
238
141
119
113
186
58
201
90
228
174
255
9
11
188
234
252
150
248
6
200
251
239
149
223
239
26
187
13
190
123
215
26
243
111
193
49
70
193
10
167
235
2
164
173
156
35
206
248
48
134
197
123
193
236
20
207
11
112
105
68
8
197
62
195
247
16
195
86
204
119
39
252
177
15
62
45
196
68
253
215
25
177
253
15
94
201
49
123
123
39
106
227
156
148
245
217
50
116
187
250
202
91
71
75
42
114
179
20
151
204
185
221
59
58
227
198
44
219
19
44
115
118
66
234
206
57
60
39
51
243
138
63
161
208
77
154
167
76
13
162
205
47
236
39
116
80
222
21
210
65
167
11
72
52
203
241
34
215
107
167
119
95
155
8
189
112
204
39
245
178
186
88
214
178
48
239
94
181
129
86
27
217
231
241
227
97
213
104
93
158
59
53
118
254
219
179
218
196
40
163
110
54
94
240
178
222
125
153
95
121
138
33
221
237
244
38
119
121
57
230
221
3
188
79
119
55
203
220
144
225
87
151
187
132
231
27
110
59
35
189
56
207
13
169
225
241
197
7
143
120
224
96
28
230
186
60
175
144
53
242
174
91
182
135
249
61
11
64
231
22
68
255
155
57
174
88
183
235
226
49
223
168
219
178
14
168
1
39
122
110
46
12
234
109
95
119
170
58
227
25
47
238
86
24
115
176
234
195
46
199
201
59
187
235
58
244
236
117
13
231
178
123
165
36
16
240
46
126
123
207
81
181
111
18
167
110
60
168
52
95
240
255
170
119
199
60
177
11
121
244
19
198
7
217
170
249
175
93
148
236
125
65
77
176
247
137
42
103
218
189
218
239
5
251
29
88
223
230
96
92
95
132
157
112
62
34
40
142
249
182
160
127
239
190
75
192
212
254
75
38
99
250
139
20
111
222
134
193
191
46
127
16
253
43
152
123
244
127
43
202
217
3
104
178
92
11
91
96
0
35
195
20
192
86
152
221
2
35
243
0
2
64
141
27
43
4
31
35
16
27
209
96
192
81
83
221
1
134
252
73
4
56
187
96
18
193
25
252
192
9
185
129
48
32
57
106
144
167
91
191
2
155
211
90
11
158
102
124
46
2
237
237
185
14
147
56
172
52
176
109
128
212
2
35
3
24
203
73
14
72
77
40
54
3
50
171
137
17
85
47
252
70
64
144
33
8
252
220
4
41
94
45
18
56
13
180
71
4
127
142
170
22
249
62
132
82
154
35
113
121
93
215
5
217
77
177
21
80
73
112
88
133
54
19
133
24
246
23
160
98
41
162
225
168
126
162
198
125
132
216
27
67
215
156
98
70
208
176
219
30
155
253
176
127
105
38
49
201
29
41
7
167
59
74
30
167
205
192
122
7
15
196
62
34
187
73
24
143
219
145
146
44
69
83
200
163
111
230
32
53
39
176
131
8
203
92
83
36
127
26
148
148
88
60
50
108
169
254
73
45
210
251
38
203
207
228
147
201
240
37
127
40
81
23
0
163
82
188
146
176
159
139
74
80
22
10
41
101
204
140
163
10
56
78
181
46
88
41
76
178
248
176
242
253
218
92
203
37
56
49
45
181
44
56
179
75
112
204
176
48
250
65
80
206
134
184
3
39
42
176
140
118
140
80
48
183
190
136
194
204
247
247
30
55
35
113
96
211
125
174
115
70
223
220
141
224
1
245
55
208
85
208
219
141
142
221
210
56
34
56
240
231
181
42
51
176
40
98
78
120
112
31
57
4
223
68
236
78
192
87
55
61
135
114
168
246
241
244
115
219
172
227
79
34
126
118
62
190
225
124
250
79
25
42
55
64
140
179
189
2
96
130
244
17
134
110
16
11
30
53
64
4
216
169
12
16
69
14
111
68
235
227
205
19
171
214
132
93
22
93
209
40
153
68
70
213
160
225
23
81
127
255
195
75
17
123
13
47
135
192
228
136
0
90
210
119
2
143
73
15
184
89
43
82
32
212
250
78
231
255
77
61
237
27
212
212
143
179
19
173
85
219
79
191
242
1
57
19
86
168
36
81
252
77
1
75
232
71
165
16
64
47
148
160
31
148
83
251
230
213
76
84
113
124
167
84
83
111
81
82
77
241
213
104
54
30
85
228
90
224
87
74
184
201
82
85
110
237
138
91
24
217
21
102
230
222
21
151
97
217
214
6
101
34
89
111
205
49
99
214
230
13
159
95
39
188
33
117
253
192
213
245
53
190
151
143
2
253
92
135
67
109
122
87
163
240
172
96
250
161
213
140
130
75
22
10
225
106
216
237
99
239
98
64
39
1
131
24
193
148
16
221
92
157
26
92
218
92
219
24
91
153
36
221
158
163
114
38
115
234
158
153
48
150
123
100
156
22
57
154
243
96
214
113
102
127
40
189
173
114
158
230
159
250
105
218
208
1
36
106
99
237
225
163
144
80
134
148
107
242
80
209
180
197
130
150
240
13
183
219
156
47
75
110
230
207
133
177
232
213
166
202
108
215
170
245
204
92
165
87
55
235
111
220
18
169
142
115
114
166
177
197
230
21
87
28
113
114
184
57
214
249
218
71
73
36
177
157
46
117
248
116
239
48
101
218
58
239
119
98
116
245
145
41
238
192
24
23
139
189
41
30
41
231
16
123
161
62
73
225
8
45
87
185
123
162
158
37
240
164
201
199
251
204
21
159
147
113
115
124
93
104
189
250
66
178
71
242
127
59
139
86
12
80
107
168
39
140
157
160
68
139
40
130
5
103
46
1
118
84
152
5
128
182
154
86
17
240
107
152
122
148
208
161
146
249
208
135
158
209
154
24
16
101
200
78
135
132
43
122
41
215
59
56
159
246
248
98
96
53
112
137
142
135
146
39
190
103
216
183
137
23
202
86
54
90
126
56
237
203
205
99
211
179
168
141
149
146
62
63
94
34
136
243
142
189
238
210
64
56
236
169
56
97
28
36
70
144
208
144
94
208
242
78
247
140
105
46
145
172
66
186
83
139
197
9
83
230
171
37
189
114
204
151
206
76
246
87
244
64
105
70
151
88
61
58
101
142
118
249
143
19
45
230
113
50
53
153
79
30
198
99
201
186
201
149
152
43
108
194
119
184
12
25
242
33
124
231
209
240
176
156
81
184
94
116
37
125
89
245
159
210
140
62
142
6
37
106
25
102
10
232
62
187
144
160
154
62
54
141
172
161
154
55
162
94
90
142
157
142
209
90
126
96
141
233
246
182
92
166
82
150
78
149
226
168
74
95
165
233
130
250
167
218
13
170
188
217
8
42
161
215
37
170
228
226
62
162
117
191
186
132
169
75
226
158
178
208
103
74
252
46
15
43
247
85
95
174
12
44
62
187
112
169
58
250
174
213
235
174
204
122
248
27
33
163
17
236
126
152
116
176
52
165
38
194
165
113
59
29
179
5
201
90
220
199
30
219
72
226
44
109
8
137
207
180
111
136
30
214
192
83
91
71
183
14
201
86
233
118
100
251
139
122
99
110
95
95
31
184
193
8
246
227
61
216
59
130
186
134
88
254
245
86
121
107
218
136
15
239
184
246
139
189
66
133
110
248
43
69
155
249
191
63
157
251
13
225
207
124
10
90
87
240
122
185
241
192
118
71
63
4
253
163
172
56
193
198
200
43
29
82
152
12
76
183
241
241
71
58
168
196
115
237
211
24
144
64
220
78
197
158
212
87
45
71
168
76
132
255
238
50
13
179
28
202
30
126
27
32
250
8
172
132
202
110
110
127
54
151
166
188
236
3
179
115
8
90
107
206
111
70
43
58
154
105
252
253
207
226
14
71
78
163
49
125
39
102
126
52
92
88
24
211
249
86
79
74
223
148
45
25
209
148
164
19
80
0
136
173
105
170
227
117
247
155
89
215
13
71
51
86
171
29
173
124
213
75
245
203
103
84
110
157
188
21
195
118
178
113
106
216
99
4
47
99
178
234
205
142
219
75
56
247
112
155
174
221
201
172
246
183
95
189
1
222
106
193
47
124
224
203
93
205
222
149
252
75
131
111
37
142
35
12
121
248
17
180
112
226
177
59
47
136
212
195
238
24
225
53
59
67
153
52
167
78
88
217
8
249
28
176
42
229
91
80
159
156
149
15
30
116
230
251
70
123
162
100
122
142
168
12
183
122
232
28
70
233
148
130
95
166
32
250
30
191
232
193
91
107
187
84
198
190
207
158
89
251
143
120
220
236
156
0
55
176
97
201
142
243
239
244
58
163
196
24
178
239
33
100
203
252
31
20
116
242
214
125
171
200
60
125
159
35
241
208
59
27
208
44
174
63
86
85
172
61
250
61
48
246
85
45
187
221
200
240
239
127
244
24
253
83
230
134
252
95
136
217
208
126
125
95
112
248
90
234
135
236
11
16
191
137
249
51
143
235
253
62
154
207
240
64
150
63
233
240
223
252
255
55
159
244
219
168
239
213
254
129
243
192
1
236
239
32
51
3
94
0
77
153
209
3
20
87
132
11
82
46
112
20
0
37
46
156
24
210
209
208
105
250
81
1
95
46
19
7
204
13
232
22
18
200
48
67
7
191
52
168
41
44
89
192
170
250
96
66
57
137
249
10
22
255
132
40
244
144
0
135
11
22
161
116
59
235
252
96
232
176
161
131
15
146
109
12
83
32
184
50
241
57
112
249
12
83
133
172
73
116
129
113
5
216
33
4
121
115
172
17
172
110
200
66
137
227
209
6
19
204
239
136
93
97
246
225
112
74
31
133
140
107
72
22
24
189
100
82
233
173
17
77
22
195
121
148
100
240
151
145
178
124
195
6
99
79
251
25
168
233
240
109
149
81
177
190
25
220
29
112
122
111
133
193
248
33
238
199
113
97
42
31
138
249
64
124
15
179
161
205
31
145
207
236
128
226
237
50
17
63
112
72
171
30
194
34
67
187
60
134
79
85
34
4
32
179
179
120
144
160
11
178
73
30
158
9
251
39
104
39
67
66
136
152
237
210
130
119
38
169
201
144
163
251
202
18
190
220
130
202
164
57
145
40
18
36
100
165
168
17
114
179
43
237
8
16
183
252
86
82
197
161
205
11
206
163
194
46
229
208
196
191
151
138
50
248
47
165
224
112
193
7
174
19
55
148
217
140
220
148
126
50
78
117
0
199
64
207
243
14
48
142
145
128
222
72
176
243
78
169
62
141
48
7
20
52
95
98
252
218
232
188
131
72
52
198
74
180
238
116
33
99
186
51
21
14
174
212
247
59
123
110
32
230
26
137
51
175
59
100
157
96
242
162
50
115
224
157
177
15
184
69
91
60
217
107
116
240
34
49
131
224
60
115
76
53
8
139
21
228
31
52
31
144
166
253
187
66
106
199
149
0
252
23
84
46
65
179
200
21
19
186
122
36
104
46
63
17
228
20
226
68
12
228
109
29
88
178
68
95
68
135
61
161
46
205
84
36
188
177
237
146
171
39
150
74
37
42
209
40
185
37
132
159
72
249
197
65
60
189
170
84
245
19
128
83
90
160
129
76
25
227
217
54
146
50
4
228
79
86
89
5
76
21
86
85
1
144
28
212
42
195
209
81
8
130
89
65
143
229
197
26
80
93
62
249
86
142
77
85
125
174
25
149
238
215
83
87
181
228
181
81
223
0
229
120
87
177
48
205
102
166
216
37
169
187
153
214
175
121
245
90
106
84
149
100
157
189
21
136
90
18
126
97
121
62
214
53
205
226
123
23
203
1
19
93
13
82
69
124
184
240
245
220
95
15
100
181
141
187
143
38
5
99
144
152
246
66
204
99
98
54
17
138
35
220
198
48
99
167
160
125
153
157
195
70
75
37
160
89
111
131
166
102
172
74
241
146
35
35
102
114
100
208
159
29
169
32
251
118
140
22
120
90
219
235
50
105
72
45
9
172
241
101
54
138
105
13
127
209
185
0
50
70
226
80
94
219
182
92
90
108
131
142
73
177
198
163
118
218
110
199
157
113
205
214
25
199
34
81
9
156
63
62
155
115
64
240
33
206
125
233
87
32
112
118
1
69
209
161
15
119
88
43
245
157
79
175
190
117
215
117
129
220
126
61
119
110
118
221
136
17
224
144
0
23
150
216
255
222
78
191
38
123
212
27
201
225
13
137
71
163
121
120
75
209
246
178
103
247
223
131
25
31
43
216
173
124
195
42
137
244
170
68
215
215
124
125
62
162
7
66
31
40
41
97
78
32
239
168
11
130
234
10
2
7
67
79
248
32
128
127
204
242
29
254
228
168
108
209
183
33
79
213
1
135
96
225
18
18
175
20
184
112
133
2
234
130
39
238
66
120
145
244
91
162
117
70
190
139
181
98
46
39
75
237
120
171
138
186
231
242
54
152
57
40
249
128
232
163
27
158
210
142
210
108
178
57
81
101
200
198
142
241
224
62
64
199
221
105
6
202
30
164
11
44
88
146
179
242
206
77
7
196
57
35
146
247
35
142
88
204
147
57
72
137
216
229
3
147
125
150
255
240
234
90
10
86
73
97
149
92
49
14
109
248
189
249
167
144
103
38
122
62
229
155
186
239
14
103
65
132
41
146
155
116
194
118
114
20
226
185
205
13
215
39
71
11
147
156
35
63
210
119
220
81
9
205
157
125
197
114
142
216
166
138
16
206
211
40
69
198
77
163
10
55
178
139
54
217
202
56
163
171
203
250
156
106
169
42
112
89
227
105
54
11
92
165
19
125
26
159
211
116
10
125
164
142
189
218
165
174
240
122
138
110
245
170
128
251
203
171
150
74
250
164
135
25
42
150
169
102
51
2
179
242
2
154
220
167
41
43
158
119
191
173
227
205
202
191
225
255
122
222
173
201
20
42
206
192
192
219
22
61
41
172
97
80
225
177
119
17
66
199
30
23
187
56
177
153
133
214
221
79
4
75
113
249
86
109
130
113
120
180
59
199
82
222
83
10
59
108
181
33
103
114
237
58
84
91
177
84
234
174
60
37
251
184
242
92
94
237
123
38
155
146
185
89
201
138
245
74
82
235
214
158
182
239
29
148
19
190
231
183
174
249
255
222
171
216
190
128
199
83
7
232
217
108
16
77
54
176
35
113
252
195
59
91
155
12
255
188
140
35
194
68
94
231
16
2
119
92
70
94
67
113
84
114
216
196
197
161
83
22
120
209
172
115
196
62
169
243
38
187
19
220
172
67
237
50
117
143
158
202
254
148
115
37
154
163
252
149
203
62
101
183
61
110
231
108
225
53
151
179
209
159
147
204
115
212
55
52
116
180
220
196
207
77
67
107
74
183
4
45
63
35
200
116
0
252
155
208
121
71
111
64
118
235
253
58
208
207
184
115
91
75
141
173
94
52
46
245
204
243
53
215
186
25
31
95
211
24
77
121
214
228
148
39
99
62
176
29
151
111
182
182
25
233
84
217
38
75
83
107
44
13
173
129
219
170
6
111
121
216
4
93
226
233
211
55
122
79
252
221
54
139
19
122
53
165
157
220
221
64
2
143
139
77
54
222
16
56
128
248
4
245
26
224
197
197
191
130
33
123
126
56
226
222
142
27
153
242
153
190
112
173
205
121
82
244
115
229
31
143
171
151
186
105
126
119
230
32
217
251
166
81
127
14
168
11
15
186
35
244
174
235
63
57
71
165
79
66
190
167
233
203
69
23
176
227
38
190
251
106
119
187
200
186
169
236
163
196
227
191
104
44
126
245
238
230
143
43
198
30
234
79
30
94
44
60
44
3
209
242
177
78
147
197
31
152
223
39
240
134
167
163
213
234
183
175
91
154
202
253
35
103
242
247
135
9
87
209
80
13
223
67
247
126
102
183
236
251
35
175
160
254
50
62
130
237
14
248
41
106
87
226
156
183
31
177
248
144
44
83
251
104
102
175
220
105
51
191
240
239
5
253
172
96
167
243
202
29
111
236
254
109
183
144
0
40
193
32
40
116
88
192
171
176
33
2
103
89
220
14
46
229
96
35
3
245
186
192
24
48
152
80
95
28
253
1
224
234
152
7
80
172
216
31
82
204
0
72
7
223
86
56
46
124
244
64
175
135
164
2
131
183
223
10
223
203
120
42
212
231
16
173
9
70
120
240
56
16
18
32
199
102
96
3
64
86
81
12
223
17
52
49
79
191
208
252
15
114
89
132
76
107
107
177
20
223
198
68
58
17
62
18
191
219
240
75
140
149
65
0
18
248
228
200
91
29
154
129
105
53
164
133
85
52
29
22
188
119
152
92
77
83
129
88
22
163
108
132
99
73
127
65
190
100
37
70
125
147
51
24
185
228
20
103
11
232
113
190
24
92
200
192
127
9
88
113
224
20
46
7
84
207
59
31
163
34
112
115
135
216
65
208
28
2
228
156
130
153
252
178
45
50
199
136
55
225
7
35
202
198
216
142
127
73
2
33
34
128
30
224
147
44
77
66
118
75
67
201
81
159
255
36
152
24
236
151
138
166
146
81
36
171
191
188
165
185
243
146
176
222
185
74
247
139
199
42
223
40
32
171
106
126
114
140
41
88
131
24
188
162
213
178
226
159
227
139
177
107
171
44
228
239
56
184
156
152
194
227
46
246
139
196
202
29
37
147
40
172
235
140
200
231
110
49
185
156
44
199
55
10
179
29
50
60
26
12
212
210
84
35
76
104
71
77
17
149
93
55
227
135
120
220
251
217
227
83
54
236
173
132
230
104
213
115
145
182
189
14
64
95
251
56
72
198
48
231
114
34
243
131
59
219
33
220
253
200
10
99
221
69
254
143
49
132
25
60
112
178
236
249
61
9
163
197
60
9
75
17
7
57
235
212
30
109
113
144
32
94
25
65
92
138
53
13
48
132
148
35
65
11
188
41
24
240
59
68
104
76
255
81
157
93
42
69
239
176
77
23
220
126
180
108
69
188
31
169
47
58
141
180
154
171
225
146
219
41
249
73
70
158
225
32
93
182
4
176
73
115
99
169
63
147
232
4
211
239
251
211
80
17
182
79
153
239
221
57
91
36
164
203
79
213
147
17
66
156
249
229
13
81
210
148
24
0
172
80
137
242
145
74
22
226
53
24
83
92
55
133
80
87
35
21
91
157
114
149
235
32
204
87
73
101
1
95
39
183
133
66
85
164
15
5
99
232
143
229
146
64
81
22
59
223
113
89
95
168
109
101
250
37
149
158
90
174
29
69
113
140
57
53
234
36
206
215
80
153
103
92
216
113
165
114
180
241
21
233
92
196
72
125
132
178
108
134
56
61
175
24
15
48
248
96
25
125
233
134
236
224
166
24
96
189
105
21
157
144
108
86
117
173
88
153
131
160
102
103
106
148
45
146
51
47
70
99
100
252
7
89
168
140
223
86
143
24
222
90
210
70
23
104
40
20
37
163
222
18
150
190
107
32
221
197
190
27
39
246
238
74
142
27
115
255
41
110
235
19
113
189
74
204
102
218
110
24
180
121
207
71
110
183
41
47
217
156
67
122
39
115
188
207
217
201
200
28
247
14
113
158
0
133
218
91
179
7
113
101
37
93
51
1
206
119
144
119
141
210
52
94
39
64
118
231
146
189
238
205
133
247
151
154
230
30
208
125
94
123
255
91
93
226
216
70
71
148
120
208
84
197
242
113
217
71
228
127
79
159
53
149
30
127
167
54
189
250
21
66
103
204
124
217
96
106
4
231
117
24
38
146
64
160
173
9
44
130
134
254
62
4
10
115
104
31
129
55
171
58
17
239
111
248
125
129
56
97
42
122
36
134
45
97
26
16
245
243
136
88
135
172
34
190
45
41
40
216
131
44
26
34
49
173
51
139
137
110
250
35
23
125
248
175
137
246
137
26
57
65
110
24
219
204
193
163
217
170
172
143
20
231
186
57
193
73
136
207
142
106
123
114
77
247
54
105
47
160
1
228
224
75
52
145
127
51
146
78
159
100
137
57
145
122
88
230
90
157
233
41
83
241
57
37
84
251
16
151
251
91
106
90
103
170
9
89
150
82
232
186
109
206
245
105
129
38
188
38
97
225
71
153
117
34
210
107
73
20
105
149
154
214
44
66
113
94
229
9
227
40
215
167
223
152
188
159
3
176
106
125
189
101
249
213
156
214
111
134
142
153
177
218
4
114
99
168
35
171
126
161
26
18
130
128
208
130
74
39
161
50
245
254
159
198
170
10
84
206
42
169
234
124
131
164
239
81
186
147
102
204
106
101
165
0
133
234
169
149
209
58
167
255
30
106
240
153
236
169
1
181
74
161
243
72
186
178
171
140
105
38
190
168
160
154
229
217
231
43
4
54
76
172
65
97
66
190
170
123
202
223
175
238
87
154
206
81
55
11
54
72
164
236
112
174
51
176
213
236
226
198
52
44
139
57
177
141
137
46
210
57
188
219
114
251
182
237
75
22
30
180
141
23
142
215
154
233
139
75
183
93
198
162
237
253
219
171
128
27
31
238
233
223
215
187
146
82
66
233
4
218
251
134
184
127
25
86
247
176
125
27
255
42
12
111
207
106
112
191
219
74
198
253
82
153
27
242
191
93
253
43
11
120
140
188
41
122
138
112
240
159
79
192
210
229
95
14
182
233
60
46
194
89
121
83
21
62
213
124
117
37
73
49
210
178
168
198
251
230
51
20
225
225
252
80
197
106
156
95
45
199
17
156
186
189
215
114
188
13
1
202
253
157
223
35
239
237
172
175
203
66
13
139
63
108
255
156
197
232
232
243
148
93
6
207
114
83
239
60
177
242
76
215
204
43
50
23
66
227
133
221
57
179
155
244
8
60
88
209
106
48
51
77
240
109
125
56
208
121
125
211
81
2
146
253
71
218
173
117
160
111
87
215
153
84
123
84
83
27
237
92
215
8
100
199
110
36
79
237
128
196
232
246
142
178
170
218
88
14
59
106
39
172
125
166
219
223
52
59
118
104
60
77
248
6
167
119
166
234
231
222
27
62
75
126
119
67
125
210
221
101
189
31
132
132
137
30
32
61
126
56
97
12
4
227
57
30
195
142
233
218
110
49
226
28
46
183
156
29
182
254
104
0
108
249
230
213
82
231
3
190
23
150
61
119
94
84
228
52
227
163
175
73
136
94
155
138
218
186
56
208
250
234
196
101
231
174
56
48
142
131
232
171
127
31
188
227
125
254
204
209
124
123
56
148
153
237
32
207
87
178
255
115
94
199
236
151
208
211
201
46
214
15
28
43
31
188
6
208
85
243
6
143
143
195
193
228
207
46
243
69
196
23
211
96
149
79
84
185
107
189
149
63
55
247
21
235
135
209
213
61
15
64
245
145
124
71
235
217
11
15
152
157
121
126
254
129
177
250
246
204
255
236
67
254
255
128
248
184
12
3
246
110
240
255
230
122
115
127
247
40
204
253
18
199
55
247
239
154
31
205
255
158
28
152
1
143
56
80
30
250
176
192
103
224
215
1
124
7
48
11
135
233
176
51
3
161
235
40
24
203
130
32
107
120
30
65
135
1
142
7
59
4
196
17
120
218
48
78
5
236
150
44
41
64
147
16
176
2
125
194
213
112
206
9
240
118
44
36
250
244
160
187
11
133
132
36
63
8
230
128
207
206
176
195
71
133
142
13
144
35
248
63
114
232
208
254
12
78
221
24
76
248
151
225
22
130
125
196
19
30
48
18
75
173
76
68
190
45
241
17
16
206
13
36
86
218
98
65
119
207
69
69
244
71
255
22
238
5
208
84
210
55
1
124
20
211
229
164
111
156
5
33
157
154
170
134
183
138
149
25
13
101
148
96
156
152
81
173
25
43
151
224
123
238
219
113
253
157
101
199
180
240
212
30
58
95
252
114
250
238
33
233
31
254
65
108
128
171
234
194
0
194
228
136
234
220
132
33
83
28
64
138
48
255
66
18
33
194
183
192
151
145
3
50
70
18
5
201
230
136
154
37
139
170
52
150
149
107
18
86
39
180
116
104
167
178
236
130
132
181
121
138
222
154
10
42
173
246
84
168
146
235
130
150
43
82
119
252
191
58
123
242
247
24
236
75
97
8
136
44
209
205
220
186
12
66
18
249
44
216
123
236
195
138
131
163
36
124
105
76
164
193
32
50
121
248
36
201
141
4
99
49
51
139
88
244
213
8
151
3
120
164
102
13
0
129
69
53
188
219
112
214
156
84
195
66
55
124
25
92
226
52
159
19
184
179
198
78
201
65
191
58
211
41
236
237
230
250
227
132
56
138
78
92
243
39
67
19
208
196
12
15
12
230
66
63
56
226
52
255
223
157
179
251
63
33
240
109
12
42
220
20
24
236
212
144
45
91
244
65
51
252
201
0
110
78
164
55
64
44
16
145
20
94
14
196
95
201
140
145
121
231
117
69
243
197
141
31
213
203
212
79
70
203
115
49
46
253
103
100
189
20
183
146
176
253
169
74
169
102
125
33
71
212
132
163
74
178
228
65
62
52
36
228
238
218
5
83
245
95
113
77
39
44
193
56
213
157
4
246
78
191
89
209
66
203
92
133
20
6
41
212
7
219
148
82
20
62
197
72
113
41
5
25
81
205
69
237
80
195
171
229
81
7
111
149
108
155
221
86
248
56
217
95
168
124
69
118
84
17
234
37
105
102
83
85
183
40
207
150
146
82
9
90
213
2
253
98
217
83
69
130
90
188
89
225
121
103
174
101
226
187
39
23
2
113
176
95
13
140
249
117
151
248
213
217
94
140
216
17
133
7
59
22
24
24
178
152
23
164
191
97
73
120
61
134
240
230
54
37
97
130
74
221
159
238
8
214
65
41
114
217
236
220
54
100
17
78
217
155
230
160
118
64
101
1
5
125
170
65
185
54
169
201
117
26
202
244
127
106
168
24
101
169
7
205
118
138
106
145
227
181
187
231
86
22
250
159
212
91
214
120
178
109
71
64
225
179
113
169
246
198
109
118
133
181
195
246
70
103
52
158
153
28
222
185
214
113
91
192
241
206
82
91
23
42
113
219
1
105
209
101
102
151
83
224
31
157
241
219
51
119
56
70
137
219
110
35
231
103
118
207
11
125
229
7
188
167
187
252
120
158
125
62
108
123
126
225
89
232
96
176
247
190
121
75
30
157
243
18
194
247
200
46
185
159
168
177
107
124
106
73
25
244
20
68
103
209
127
135
14
190
12
108
214
56
28
228
172
224
170
140
60
131
18
66
206
10
146
135
120
40
128
185
10
86
22
218
172
168
75
105
0
161
37
33
31
135
134
99
150
24
85
161
184
92
134
205
70
62
42
39
215
104
174
14
251
98
32
224
13
139
33
115
30
34
173
222
40
184
139
225
224
170
55
66
35
24
252
169
209
99
229
148
221
143
97
38
6
58
226
71
232
231
140
203
140
250
66
150
136
137
24
107
139
36
102
71
221
145
170
34
134
68
132
19
73
27
145
135
227
2
86
202
221
169
79
242
129
165
221
72
63
150
29
60
134
92
126
159
185
70
149
235
114
110
111
37
32
169
153
1
83
230
150
121
124
152
134
166
242
106
219
54
121
128
152
50
30
226
125
58
242
89
238
216
57
231
3
81
169
156
3
168
142
123
106
115
169
238
158
57
84
182
141
39
113
26
6
96
249
232
38
181
103
161
41
203
190
131
37
186
154
53
161
112
105
162
154
131
170
10
83
36
255
105
65
83
128
167
145
91
34
153
86
9
10
122
167
140
128
242
174
197
217
122
144
128
204
106
162
99
55
170
86
206
34
163
70
88
106
149
168
181
58
214
183
83
235
42
230
22
71
107
51
222
226
175
79
94
186
189
54
11
74
238
172
219
28
158
194
117
34
235
62
229
65
108
99
235
244
176
105
105
214
205
151
27
59
61
178
239
129
62
222
249
111
27
104
155
53
109
84
235
168
180
176
90
50
208
44
139
155
107
180
160
168
166
232
193
194
123
163
159
111
238
218
242
148
185
207
118
206
227
33
201
251
185
184
59
112
146
246
90
6
59
232
69
139
47
116
10
89
188
86
162
6
243
76
144
107
220
191
214
252
75
3
173
121
188
51
212
61
240
73
15
156
192
79
59
79
10
96
68
140
50
195
89
239
247
27
60
128
220
83
201
128
113
225
125
153
198
117
133
35
30
219
241
236
78
197
133
193
59
40
91
248
156
134
44
67
178
189
236
6
201
89
32
227
39
236
163
28
156
203
106
153
63
62
180
253
28
253
198
221
51
143
226
159
205
66
223
211
49
10
238
28
241
204
95
28
199
75
20
59
77
24
30
74
52
113
0
184
209
200
232
191
74
238
16
77
53
209
239
167
59
93
0
167
109
69
155
21
181
80
230
255
214
45
99
83
85
34
122
77
88
213
220
49
179
100
26
151
253
164
168
109
54
155
170
53
216
157
74
227
103
163
224
29
132
216
121
248
123
114
153
53
93
226
35
47
55
110
190
124
221
213
52
227
125
239
230
189
217
220
19
207
243
141
79
13
158
58
104
68
248
43
24
124
226
116
149
59
139
133
114
206
47
225
79
218
151
146
1
159
14
99
113
231
249
46
242
235
230
229
15
43
145
234
63
110
124
230
123
208
99
172
5
76
126
155
59
52
186
37
77
218
232
161
148
71
175
162
221
14
161
235
239
62
199
185
150
147
174
204
197
209
59
177
220
146
236
63
245
219
181
5
94
46
197
237
202
75
87
206
114
254
143
8
61
223
188
146
235
98
242
192
147
211
206
197
196
175
59
240
244
211
191
216
192
112
127
96
157
136
253
239
28
116
245
255
174
103
214
72
90
63
126
247
6
128
3
239
99
237
255
149
66
81
254
181
234
48
250
196
242
83
237
133
205
223
182
249
215
73
51
248
206
57
63
239
196
31
255
44
240
255
252
199
64
95
245
202
239
207
238
253
38
129
88
2
110
71
80
57
55
71
128
147
193
19
3
105
128
232
14
216
21
16
52
3
125
8
196
25
102
37
144
79
89
205
1
215
65
113
7
119
163
220
24
102
223
224
78
6
34
192
164
36
138
119
80
181
231
95
2
135
77
222
9
146
159
176
42
232
212
240
184
9
196
189
248
59
101
163
0
233
220
57
67
210
26
10
12
189
80
252
55
145
46
224
200
15
157
214
84
66
66
46
1
58
186
89
196
72
163
238
16
176
58
208
79
168
221
97
24
18
99
150
172
82
237
207
129
71
73
171
5
190
52
208
20
248
112
52
81
223
117
1
97
23
215
162
12
111
172
55
17
183
56
247
198
210
184
160
24
87
208
36
96
27
47
145
141
25
8
48
148
120
4
160
81
237
63
135
135
85
120
121
28
26
196
164
113
192
44
65
225
28
138
142
248
138
199
68
98
29
245
104
200
143
137
125
33
186
9
248
142
156
156
34
56
32
201
139
28
150
156
126
130
121
81
55
201
7
224
38
39
113
104
116
157
209
31
66
110
39
114
221
224
174
114
64
226
156
187
78
138
85
41
230
42
69
168
40
165
244
66
98
179
41
45
243
84
183
151
213
146
192
41
102
139
11
72
75
47
32
145
24
179
86
113
2
192
46
227
177
108
202
142
112
227
6
190
79
140
160
52
32
50
158
36
80
194
127
187
179
10
51
99
183
188
223
150
26
115
84
134
110
77
91
177
37
54
192
98
92
212
138
33
83
64
53
230
173
172
225
24
52
115
185
52
83
78
6
242
181
58
25
239
12
224
82
45
67
163
56
27
2
208
244
44
128
19
197
69
238
15
28
107
38
60
37
47
244
244
24
188
67
228
