-64
60
-39
2
25
46
24
3
40
69
32
25
104
35
-64
108
-119
-76
3
62
-98
-96
8
0
44
-10
18
6
-61
-40
64
28
39
98
96
114
21
35
-127
-69
-45
90
5
35
-14
-112
31
65
-113
6
33
8
-70
-31
-16
45
-55
-6
96
-101
-34
-36
-126
-127
-6
-64
8
124
90
-12
45
-126
124
-65
70
12
66
-14
-108
63
-31
125
-128
-5
124
-109
67
113
56
95
13
-39
27
-84
57
67
113
-122
-22
18
31
-74
84
76
-105
123
33
38
68
-39
68
-79
-122
42
16
-60
57
-92
66
-60
-88
-82
79
20
101
74
104
90
-79
-112
65
64
110
35
5
-102
121
51
21
21
-24
88
80
-59
68
-111
111
27
101
34
-24
110
-84
-66
-47
-94
-14
91
6
-122
48
-81
25
64
-83
-28
97
-122
-13
-63
-48
31
113
24
-96
122
74
-106
1
-54
-7
-104
7
-40
79
-109
28
19
-118
-72
113
71
13
-100
-42
35
12
-32
44
-125
105
-55
82
59
-19
77
-56
-1
-93
72
34
-70
54
76
-126
72
-37
-20
-70
37
-48
53
96
-99
127
-4
-110
112
70
84
-55
-31
-95
-102
38
-70
-5
4
-106
-55
-2
-115
127
42
51
118
124
-87
-80
97
114
-99
50
9
74
-98
-100
-17
41
19
51
4
-82
-54
-78
83
-87
46
39
62
-92
-69
-121
50
98
-3
-94
-43
75
-62
-118
-101
46
-62
75
-40
-77
75
108
-126
31
51
28
126
-112
-64
-111
38
3
1
94
46
-116
-8
76
102
51
108
80
88
-55
-52
61
-121
-91
52
-58
-11
-88
-38
3
75
3
64
73
-122
13
106
96
-47
53
121
-101
16
-38
-51
-91
-114
27
59
-100
41
12
-17
54
-49
35
-96
-80
83
-114
119
-5
-122
59
-113
108
-104
-22
78
-47
14
-53
63
68
37
-40
-7
99
42
-125
-4
105
-82
79
-95
-62
74
62
98
-83
4
-11
-113
44
-45
-61
65
-110
89
33
7
-106
-82
-108
20
35
106
80
32
-115
-39
65
27
88
-119
7
16
-34
-92
-30
69
83
125
9
22
18
93
36
80
-108
114
-111
-55
46
59
69
-77
-43
57
24
81
25
-78
-97
74
-16
48
21
35
8
38
-108
-84
99
19
-46
-3
4
31
75
114
81
-95
46
-46
-74
-6
-16
78
9
117
-107
57
47
-22
-108
-8
109
-80
83
34
-3
-71
79
-41
102
-111
59
83
-112
-22
82
81
21
48
113
74
17
-104
53
56
9
-110
20
11
-60
-47
83
-31
-128
-127
72
84
78
124
-31
87
-46
-18
-107
93
114
112
-59
117
53
120
-107
72
101
-28
85
-127
77
77
83
-107
-79
-105
74
91
65
-90
-55
103
-100
-82
-59
-107
-94
-55
22
-58
108
103
89
3
-21
41
97
-42
-54
-22
51
93
54
90
-91
112
98
71
101
-19
15
56
-105
58
-13
-107
92
106
36
21
126
-105
-126
23
56
99
-62
88
37
-119
-119
23
38
43
64
60
-40
22
90
49
99
39
-69
45
-124
-104
-99
-53
-68
102
-70
-121
117
-101
-5
113
86
116
112
22
89
121
-59
13
103
-68
-104
61
-110
-39
90
-42
-108
107
84
-105
-51
-81
-77
72
54
-75
37
25
-102
91
-35
55
105
66
-34
89
-89
90
-29
-98
41
110
-12
127
-127
-65
117
-85
102
-42
-11
37
27
27
93
-72
110
-58
-46
-107
-77
91
-27
27
29
113
64
52
21
-57
-120
-91
-25
48
64
-5
28
43
-18
-104
112
16
70
-11
-53
28
126
64
65
119
3
26
-39
-39
98
-119
55
127
1
-95
93
-76
95
-120
119
-80
111
-11
-43
-99
82
-43
87
122
12
-95
17
-26
-87
-78
119
-117
-32
-60
30
80
-92
-89
122
111
9
81
-22
30
88
109
40
127
-89
7
9
-7
54
-64
-25
-25
62
97
-33
-1
65
-82
125
-88
-74
81
-16
95
-118
-26
11
-126
38
-75
-90
14
6
8
88
33
80
-62
-96
113
-68
58
-125
9
92
-18
5
96
62
30
-58
-124
-65
118
98
16
-20
-10
24
70
80
54
-31
46
33
-4
-121
-43
34
98
24
33
89
-46
1
-118
34
119
106
36
112
-105
-56
-95
2
-9
34
-61
-101
48
-117
81
85
-54
38
98
-7
127
-98
-114
116
96
2
56
-101
-92
24
-58
84
-49
-93
-28
1
-15
-116
-63
-113
18
49
-29
116
76
96
-112
69
-122
18
77
-46
40
9
19
113
83
-92
34
-70
-11
-109
126
62
90
72
36
-115
-10
84
-107
-59
74
-110
86
-78
86
-87
114
-93
96
37
68
-11
85
-107
96
61
-26
89
-91
107
-66
-28
-102
-110
40
54
98
121
-53
105
-86
4
-31
-90
-76
38
26
-102
-65
-21
-90
105
38
67
-59
-63
-99
-15
-105
-22
114
-21
62
-119
-45
54
-69
-25
23
-3
41
-100
126
-21
90
124
103
80
-104
83
-93
-116
-13
-118
-118
108
-68
-70
26
-75
125
-24
62
92
69
-94
91
-95
38
-115
-88
-87
64
-49
-92
-19
68
-10
-107
31
101
-70
77
125
35
41
111
-5
118
-90
-46
-95
-102
-106
-23
-99
-101
-105
-88
-91
42
-22
-91
-112
-41
-22
-120
-26
-71
-86
58
29
-32
-87
9
-26
-118
-86
-86
14
58
-58
-84
-23
-79
-38
-69
54
-116
58
-61
61
-91
43
50
-36
-84
-81
89
89
98
-70
-21
-22
62
80
-80
-9
-50
-98
-62
8
15
-37
3
-58
-14
-84
-61
51
-19
-78
4
26
26
-64
-20
54
-36
-74
-73
-17
-7
-102
-38
62
-13
123
125
115
-112
109
59
-47
122
-74
-102
-30
-94
-33
45
34
62
21
-70
-41
-105
78
-32
35
26
-69
-92
10
23
46
8
87
10
-69
-8
-6
22
-30
110
-39
-78
-34
-67
26
-55
-94
-9
2
-52
-69
-41
48
-59
47
-27
115
60
-67
112
-6
-110
-6
47
127
-65
47
-62
106
-78
119
4
60
-110
76
31
95
1
48
-71
-102
-24
-63
-35
73
-41
9
-80
57
76
51
-58
41
-24
-117
30
-11
12
76
116
107
-77
-79
-107
-61
110
-59
61
-71
-117
25
49
28
-110
67
-54
69
-74
91
33
-21
9
92
-118
-55
-10
114
-88
-64
71
-55
-11
82
-5
43
50
-28
-20
63
-51
11
-5
23
61
-108
-30
-52
-8
-66
-20
-13
24
112
-23
-51
116
-41
67
57
115
-23
33
-73
-46
-78
-67
-121
73
-118
100
61
6
-26
10
52
70
-8
-8
-45
-20
52
-97
69
-76
-80
-105
79
-42
45
-36
63
83
-15
-38
-99
114
33
12
53
-20
-25
110
-41
102
39
-17
95
53
-68
1
28
-39
-89
50
-81
97
120
-111
-115
-79
-46
20
54
85
-103
13
-40
118
-117
-89
106
-74
-80
91
34
-34
-10
-44
-69
120
-56
-100
-83
-55
44
-112
-73
121
-60
-8
-35
41
100
-125
120
119
-72
-101
64
-29
105
-1
-105
-119
-106
-128
-82
19
-33
-40
120
-16
106
-7
-29
-27
84
107
-124
56
-53
-62
43
-27
-48
-127
55
-106
91
-96
110
126
79
45
-7
-24
77
45
-28
49
112
127
-100
-71
-121
-33
-34
-24
-28
-94
43
-92
15
-100
-98
-79
-25
86
58
6
-58
115
-22
-45
-35
115
-90
58
97
-106
-118
-18
-86
117
-109
-71
-103
2
14
-3
-65
-9
123
77
-102
-38
-19
-5
109
-97
-65
-5
-89
-17
38
-16
67
-110
-69
-61
85
-77
111
62
-84
-32
-68
-108
61
116
-16
102
-19
-77
-59
-68
57
24
-6
-10
112
121
-25
-33
127
109
79
89
-22
-61
61
97
17
-128
-12
-10
-9
43
-36
125
-62
70
-74
-6
19
-124
39
-27
98
45
-49
-94
-96
-123
62
126
-4
38
-8
-126
59
-33
-19
62
-102
-47
-85
-4
22
-52
-49
-15
-31
32
-97
-2
-106
3
63
56
-23
-35
-1
105
-11
-21
-16
-1
-30
-94
41
3
99
-124
-112
4
-22
97
0
31
105
-70
64
-101
-38
-70
3
-75
87
100
9
0
122
25
118
4
43
-78
92
16
62
40
-64
71
-44
-47
-63
-100
-81
-108
4
-75
12
68
30
-127
-70
127
-109
10
-63
-69
104
42
30
-64
-128
-107
-51
19
-62
-65
-1
93
10
-31
106
92
32
-126
-91
-46
-47
15
-3
43
-20
58
70
39
80
-58
-72
42
3
-59
-26
-87
14
108
-56
4
63
-125
17
-25
-14
18
-97
28
108
68
18
81
17
30
-80
-22
4
-121
38
-57
17
-1
-76
-28
76
-60
52
30
-107
22
-111
-16
88
94
27
81
97
123
49
-50
-59
-27
117
-82
21
74
65
-100
89
-59
-51
97
-87
25
121
-88
-56
102
76
63
-95
-80
-114
-13
-122
-118
-40
109
26
-125
-36
56
110
6
-117
-68
-39
30
-114
32
0
119
76
-104
65
-55
35
0
-121
-99
-96
59
30
-115
0
4
118
-57
-121
-126
-28
33
-120
-55
56
-127
120
-87
-126
46
85
37
-120
-96
-24
-74
34
-15
40
-120
-121
-56
-47
61
-90
37
35
69
-76
-112
-93
-74
-94
127
26
-50
73
118
-87
-21
38
118
84
24
-112
-55
-13
115
-106
42
11
67
-68
-92
-83
-106
-14
-88
-4
96
-54
-120
-9
-104
41
-74
-123
88
-88
-54
37
-43
-124
45
-123
96
116
-66
80
3
66
-9
-126
48
11
-43
7
-77
46
-118
93
-40
-66
-117
-53
27
-99
50
-75
-20
124
-56
124
-113
-13
52
101
-21
-116
-106
88
124
51
75
-40
76
-60
-52
-1
-62
66
55
72
120
-84
-46
107
85
99
70
31
-115
-51
-55
-47
-1
54
-11
14
-40
-42
77
7
119
67
57
-90
-39
84
-32
-54
-96
-45
-110
-33
-92
14
127
-73
79
57
100
-101
-80
-27
-50
-63
80
-120
63
-46
100
56
-10
54
-74
-29
-54
-96
35
15
47
-61
-70
60
-62
-7
96
-13
15
65
-40
96
65
53
51
109
4
-96
-97
-76
37
-41
90
80
-89
113
-56
67
124
4
89
7
16
-48
-38
2
71
-99
52
9
16
-114
25
-28
120
103
-16
-111
-17
-38
-26
69
80
102
-127
21
-111
82
41
-20
74
-106
49
-19
43
72
-34
52
-89
51
-92
18
68
-88
-30
72
-15
-37
-55
44
82
93
61
73
77
14
-28
33
56
-86
-79
84
-33
107
-91
-45
46
-55
-40
79
121
-62
-47
61
-45
-20
-27
23
81
-44
-90
-39
72
124
55
-43
59
-66
-81
-44
28
-38
28
83
-59
-33
-63
71
84
-15
-13
69
85
89
18
-87
81
61
28
5
106
-85
-97
85
-84
-6
-91
87
-89
62
77
83
21
-101
-114
71
88
94
73
89
99
-60
-34
-11
-114
-61
-33
-106
-24
-10
-120
88
7
94
-127
101
22
117
13
3
94
14
53
97
120
-20
86
-11
-64
45
73
-105
-13
-82
-48
92
123
62
5
116
-41
-76
-126
37
99
-114
-68
-107
-119
-59
45
-58
55
-29
-82
-104
44
-122
13
99
35
67
41
-117
-40
61
-71
6
102
110
23
49
-112
45
-35
38
81
-95
-27
-103
-104
17
35
100
-2
75
9
-105
89
-28
-110
-102
105
50
-3
-27
-86
-91
-64
-42
-88
5
-88
26
47
126
64
106
-42
1
-19
-91
26
-31
108
-41
109
31
-32
1
-76
83
109
86
-11
-33
76
-37
-52
-127
-56
111
66
43
77
-71
-37
-22
-62
105
114
32
-29
89
-51
-34
-90
119
7
74
77
-100
47
79
46
115
106
-94
53
-59
-36
42
80
-109
116
79
-9
5
-41
-46
-14
87
125
-9
-11
29
-54
122
125
119
50
-36
-67
-38
93
60
-9
-110
122
-32
-27
-115
-24
101
45
103
-125
-87
-31
94
-105
59
60
120
60
86
65
-25
-98
47
-42
-5
127
55
-59
-55
-16
30
115
-73
-29
-52
-73
31
65
-117
66
127
-35
-102
-103
-15
31
-6
-121
29
-125
-44
43
70
15
55
-81
56
50
26
35
32
-68
-65
77
-127
70
-25
10
5
32
-78
83
-19
-121
-5
-118
-114
20
-13
111
-88
120
49
121
33
8
-32
-107
-122
49
113
-22
31
33
-40
93
-95
-120
-66
22
74
32
-33
55
8
-125
107
-46
-94
60
-37
-105
-119
-99
-14
-54
40
98
72
24
98
-116
-127
88
38
61
23
125
-24
-30
-56
-50
-29
61
95
-63
-116
-86
-40
-62
50
-93
86
-24
16
-109
117
-8
106
76
-104
-120
-55
33
27
-68
-92
-80
-116
-66
-112
-115
-16
22
75
36
63
58
119
-107
99
45
-22
93
2
61
105
76
-92
104
101
90
114
-109
-106
-56
83
-18
95
-27
-36
-69
-90
-101
-51
-116
6
109
124
2
-103
-67
-14
-8
-26
30
57
-70
-103
90
-126
-30
101
38
24
-97
23
-98
-88
94
-78
120
91
-66
-103
-63
-107
-24
39
28
-71
70
-97
-49
-29
-66
121
39
-16
110
38
-94
-114
-43
82
-123
-56
126
-38
1
8
55
-88
-101
7
-64
-95
-44
-117
106
-116
40
-2
-53
-21
-91
-101
106
6
-109
-105
108
42
89
23
16
105
82
-91
122
-89
-6
-117
82
-98
105
-118
104
13
-85
-65
98
46
-95
-56
-110
42
-80
80
36
-86
-104
-118
-63
-85
-6
-66
-122
-87
-86
103
109
46
-83
-29
-35
94
-80
-30
71
90
-36
25
43
43
-61
-76
-31
-83
63
-2
-6
-79
43
96
3
-81
-78
-25
82
14
-55
116
-55
91
59
28
68
108
25
-15
112
-77
39
-9
-94
-58
-84
88
-102
115
-73
9
85
-106
-38
43
12
43
104
-110
80
-19
-46
-91
82
-76
126
-36
-34
-36
109
-97
-83
-55
-70
-12
21
-114
-20
-99
-52
91
-77
-87
1
-18
-115
119
113
-70
58
-55
90
-28
-82
-1
9
11
-68
-22
-4
-106
-8
6
-56
-5
-17
-107
-33
-17
26
-69
13
-66
123
-41
26
-13
111
-63
49
70
-63
10
-89
-21
2
-92
-83
-100
35
-50
-8
48
-122
-59
123
-63
-20
20
-49
11
112
105
68
8
-59
62
-61
-9
16
-61
86
-52
119
39
-4
-79
15
62
45
-60
68
-3
-41
25
-79
-3
15
94
-55
49
123
123
39
106
-29
-100
-108
-11
-39
50
116
-69
-6
-54
91
71
75
42
114
-77
20
-105
-52
-71
-35
59
58
-29
-58
44
-37
19
44
115
118
66
-22
-50
57
60
39
51
-13
-118
63
-95
-48
77
-102
-89
76
13
-94
-51
47
-20
39
116
80
-34
21
-46
65
-89
11
72
52
-53
-15
34
-41
107
-89
119
95
-101
8
-67
112
-52
39
-11
-78
-70
88
-42
-78
48
-17
94
-75
-127
86
27
-39
-25
-15
-29
97
-43
104
93
-98
59
53
118
-2
-37
-77
-38
-60
40
-93
110
54
94
-16
-78
-34
125
-103
95
121
-118
33
-35
-19
-12
38
119
121
57
-26
-35
3
-68
79
119
55
-53
-36
-112
-31
87
-105
-69
-124
-25
27
110
59
35
-67
56
-49
13
-87
-31
-15
-59
7
-113
120
-32
96
28
-26
-70
60
-81
-112
53
-14
-82
91
-74
-121
-7
61
11
64
-25
22
68
-1
-101
57
-82
88
-73
-21
-30
49
-33
-88
-37
-78
14
-88
1
39
122
110
46
12
-22
109
95
119
-86
58
-29
25
47
-18
86
24
115
-80
-22
-61
46
-57
-55
59
-69
-21
58
-12
-20
117
13
-25
-78
123
-91
36
16
-16
46
126
123
-49
81
-75
111
18
-89
110
60
-88
52
95
-16
-1
-86
119
-57
60
-79
11
121
-12
19
-58
7
-39
-86
-7
-81
93
-108
-20
125
65
77
-80
-9
-119
42
103
-38
-67
-38
-17
5
-5
29
88
-33
-26
96
92
95
-124
-99
112
62
34
40
-114
-7
-74
-96
127
-17
-66
75
-64
-44
-2
75
38
99
-6
-117
20
111
-34
-122
-63
-65
46
127
16
-3
43
-104
123
-12
127
43
-54
-39
3
104
-78
92
11
91
96
0
35
-61
20
-64
86
-104
-35
2
35
-13
0
2
64
-115
27
43
4
31
35
16
27
-47
96
-64
81
83
-35
1
-122
-4
73
4
56
-69
96
18
-63
25
-4
-64
9
-71
-127
48
32
57
106
-112
-89
91
-65
2
-101
-45
90
11
-98
102
124
46
2
-19
-19
-71
14
-109
56
-84
52
-80
109
-128
-44
2
35
3
24
-53
73
14
72
77
40
54
3
50
-85
-119
17
85
47
-4
70
64
-112
33
8
-4
-36
4
41
94
45
18
56
13
-76
71
4
127
-114
-86
22
-7
62
-124
82
-102
35
113
121
93
-41
5
-39
77
-79
21
80
73
112
88
-123
54
19
-123
24
-10
23
-96
98
41
-94
-31
-88
126
-94
-58
125
-124
-40
27
67
-41
-100
98
70
-48
-80
-37
30
-101
-3
-80
127
105
38
49
-55
29
41
7
-89
59
74
30
-89
-51
-64
122
7
15
-60
62
34
-69
73
24
-113
-37
-111
-110
44
69
83
-56
-93
111
-26
32
53
39
-80
-125
8
-53
92
83
36
127
26
-108
-108
88
60
50
108
-87
-2
73
45
-46
-5
38
-53
-49
-28
-109
-55
-16
37
127
40
81
23
0
-93
82
-68
-110
-80
-97
-117
74
80
22
10
41
101
-52
-116
-93
10
56
78
-75
46
88
41
76
-78
-8
-80
-14
-3
-38
92
-53
37
56
49
45
-75
44
56
-77
75
112
-52
-80
48
-6
65
80
-50
-122
-72
3
39
42
-80
-116
118
-116
80
48
-73
-66
-120
-62
-52
-9
-9
30
55
35
113
96
-45
125
-82
115
70
-33
-36
-115
-32
1
-11
55
-48
85
-48
-37
-115
-114
-35
-46
56
34
56
-16
-25
-75
42
51
-80
40
98
78
120
112
31
57
4
-33
68
-20
78
-64
87
55
61
-121
114
-88
-10
-15
-12
115
-37
-84
-29
79
34
126
118
62
-66
-31
124
-6
79
25
42
55
64
-116
-77
-67
2
96
-126
-12
17
-122
110
16
11
30
53
64
4
-40
-87
12
16
69
14
111
68
-21
-29
-51
19
-85
-42
-124
93
22
93
-47
40
-103
68
70
-43
-96
-31
23
81
127
-1
-61
75
17
123
13
47
-121
-64
-28
-120
0
90
-46
119
2
-113
73
15
-72
89
43
82
32
-44
-6
78
-25
-1
77
61
-19
27
-44
-44
-113
-77
19
-83
85
-37
79
-65
-14
1
57
19
86
-88
36
81
-4
77
1
75
-24
71
-91
16
64
47
-108
-96
31
-108
83
-5
-26
-43
76
84
113
124
-89
84
83
111
81
82
77
-15
-43
104
54
30
85
-28
90
-32
87
74
-72
-55
82
85
110
-19
-118
91
24
-39
21
102
-26
-34
21
-105
97
-39
-42
6
101
34
89
111
-51
49
99
-42
-26
13
-97
95
39
-68
33
117
-3
-64
-43
-11
53
-66
-105
-113
2
-3
92
-121
67
109
122
87
-93
-16
-84
96
-6
-95
-43
-116
-126
75
22
10
-31
106
-40
-19
99
-17
98
64
39
1
-125
24
-63
-108
16
-35
92
-99
26
92
-38
92
-37
24
91
-103
36
-35
-98
-93
114
38
115
-22
-98
-103
48
-106
123
100
-100
22
57
-102
-13
96
-42
113
102
127
40
-67
-83
114
-98
-26
-97
-6
105
-38
-48
1
36
106
99
-19
-31
-93
-112
80
-122
-108
107
-14
80
-47
-76
-59
-126
-106
-16
13
-73
-37
-100
47
75
110
-26
-49
-123
-79
-24
-43
-90
-54
108
-41
-86
-11
-52
92
-91
87
55
-21
111
-36
18
-87
-114
115
114
-90
-79
-59
-26
21
87
28
113
114
-72
57
-42
-7
-38
71
73
36
-79
-99
46
117
-8
116
-17
48
101
-38
58
-17
119
98
116
-11
-111
41
-18
-64
24
23
-117
-67
41
30
41
-25
16
123
-95
62
73
-31
8
45
87
-71
123
-94
-98
37
-16
-92
-55
-57
-5
-52
21
-97
-109
113
115
124
93
104
-67
-6
66
-78
71
-14
127
59
-117
86
12
80
107
-88
39
-116
-99
-96
68
-117
40
-126
5
103
46
1
118
84
-104
5
-128
-74
-102
86
17
-16
107
-104
122
-108
-48
-95
-110
-7
-48
-121
-98
-47
-102
24
16
101
-56
78
-121
-124
43
122
41
-41
59
56
-97
-10
-8
98
96
53
112
-119
-114
-121
-110
39
-66
103
-40
-73
-119
23
-54
86
54
90
126
56
-19
-53
-51
99
-45
-77
-88
-115
-107
-110
62
63
94
34
-120
-13
-114
-67
-18
-46
64
56
-20
-87
56
97
28
36
70
-112
-48
-112
94
-48
-14
78
-9
-116
105
46
-111
-84
66
-70
83
-117
-59
9
83
-26
-85
37
-67
114
-52
-105
-50
76
-10
87
-12
64
105
70
-105
88
61
58
101
-114
118
-7
-113
19
45
-26
113
50
53
-103
79
30
-58
99
-55
-70
-55
-107
-104
43
108
-62
119
-72
12
25
-14
33
124
-25
-47
-16
-80
-100
81
-72
94
116
37
125
89
-11
-97
-46
-116
62
-114
6
37
106
25
102
10
-24
62
-69
-112
-96
-102
62
54
-115
-84
-95
-102
55
-94
94
90
-114
-99
-114
-47
90
126
96
-115
-23
-10
-74
92
-90
82
-106
78
-107
-30
-88
74
95
-91
-23
-126
-6
-89
-38
13
-86
-68
-39
8
42
-95
-41
37
-86
-28
-30
62
-94
117
-65
-70
-124
-87
75
-30
-98
-78
-48
103
74
-4
46
15
43
-9
85
95
-82
12
44
62
-69
112
-87
58
-6
-82
-43
-21
-82
-52
122
-8
27
33
-93
17
-20
126
-104
116
-80
52
-91
38
-62
-91
113
59
29
-77
5
-55
90
-36
-57
30
-37
72
-30
44
109
8
-119
-49
-76
111
-120
30
-42
-64
83
91
71
-73
14
-55
86
-23
118
100
-5
-117
122
99
110
95
95
31
-72
-63
8
-10
-29
61
-40
59
-126
-70
-122
88
-2
-11
86
121
107
-38
-120
15
-17
-72
-10
-117
-67
66
-123
110
-8
43
69
-101
-7
-65
63
-99
-5
13
-31
-49
124
10
90
87
-16
122
-71
-15
-64
118
71
63
4
-3
-93
-84
56
-63
-58
-56
43
29
82
-104
12
76
-73
-15
-15
71
58
-88
-60
115
-19
-45
24
-112
64
-36
78
-59
-98
-44
87
45
71
-88
76
-124
-1
-18
50
13
-77
28
-54
30
126
27
32
-6
8
-84
-124
-54
110
110
127
54
-105
-90
-68
-20
3
-77
115
8
90
107
-50
111
70
43
58
-102
105
-4
-3
-49
-30
14
71
78
-93
49
125
39
102
126
52
92
88
24
-45
-7
86
79
74
-33
-108
45
25
-47
-108
-92
19
80
0
-120
-83
105
-86
-29
117
-9
-101
89
-41
13
71
51
86
-85
29
-83
124
-43
75
-11
-53
103
84
110
-99
-68
21
-61
118
-78
113
106
-40
99
4
47
99
-78
-22
-51
-114
-37
75
56
-9
112
-101
-82
-35
-55
-84
-10
-73
95
-67
1
-34
106
-63
47
124
-32
-53
93
-51
-34
-107
-4
75
-125
111
37
-114
35
12
121
-8
17
-76
112
-30
-79
59
47
-120
-44
-61
-18
24
-31
53
59
67
-103
52
-89
78
88
-39
8
-7
28
-80
42
-27
91
80
-97
-100
-107
15
30
116
-26
-5
70
123
-94
100
122
-114
-88
12
-73
122
-24
28
70
-23
-108
-126
95
-90
32
-6
30
-65
-24
-63
91
107
-69
84
-58
-66
-49
-98
89
-5
-113
120
-36
-20
-100
0
55
-80
97
-55
-114
-13
-17
-12
58
-93
-60
24
-78
-17
33
100
-53
-4
31
20
116
-14
-42
125
-85
-56
60
125
-97
35
-15
-48
59
27
-48
44
-82
63
86
85
-84
61
-6
61
48
-10
85
45
-69
-35
-56
-16
-17
127
-12
24
-3
83
-26
-122
-4
95
-120
-39
-48
126
125
95
112
-8
90
-22
-121
-20
11
16
-65
-119
-7
51
-113
-21
-3
62
-102
-49
-16
64
-106
63
-23
-16
-33
-4
-1
55
-97
-12
-37
-88
-17
-43
-2
-127
-13
-64
1
-20
-17
32
51
3
94
0
77
-103
-47
3
20
87
-124
11
82
46
112
20
0
37
46
-100
24
-46
-47
-48
105
-6
81
1
95
46
19
7
-52
13
-24
22
18
-56
48
67
7
-65
52
-88
41
44
89
-64
-86
-6
96
66
57
-119
-7
10
22
-1
-124
40
-12
-112
0
-121
11
22
-95
116
59
-21
-4
96
-24
-80
-95
-125
15
-110
109
12
83
32
-72
50
-15
57
112
-7
12
83
-123
-84
73
116
-127
113
5
-40
33
4
121
115
-84
17
-84
110
-56
66
-119
-29
-47
6
19
-52
-17
-120
93
97
-10
-31
112
74
31
-123
-116
107
72
22
24
-67
100
82
-23
-83
17
77
22
-61
121
-108
100
-16
-105
-111
-78
124
-61
6
99
79
-5
25
-88
-23
-16
109
-107
81
-79
-66
25
-36
29
112
122
111
-123
-63
-8
33
-18
-57
113
97
42
31
-118
-7
64
124
15
-77
-95
-51
31
-111
-49
-20
-128
-30
-19
50
17
63
112
72
-85
30
-62
34
67
-69
60
-122
79
85
34
4
32
-77
-77
120
-112
-96
11
-78
73
30
-98
9
-5
39
104
39
67
66
-120
-104
-19
-46
-126
119
38
-87
-55
-112
-93
-5
-54
18
-66
-36
-126
-54
-92
57
-111
40
18
36
100
-91
-88
17
114
-77
43
-19
8
16
-73
-4
86
82
-59
-95
-51
11
-50
-93
-62
46
-27
-48
-60
-65
-105
-118
50
-8
47
-91
-32
112
-63
7
-82
19
55
-108
-39
-116
-36
-108
126
50
78
117
0
-57
64
-49
-13
14
48
-114
-111
-128
-34
72
-80
-13
78
-87
62
-115
48
7
20
52
95
98
-4
-38
-24
-68
-125
72
52
-58
74
-76
-18
116
33
99
-70
51
21
14
-82
-44
-9
59
123
110
32
-26
26
-119
51
-81
59
100
-99
96
-14
-94
50
115
-32
-99
-79
15
-72
69
91
60
-39
107
116
-16
34
49
-125
-32
60
115
76
53
8
-117
21
-28
31
52
31
-112
-90
-3
-69
66
106
-57
-107
0
-4
23
84
46
65
-77
-56
21
19
-70
122
36
104
46
63
17
-28
20
-30
68
12
-28
109
29
88
-78
68
95
68
-121
61
-95
46
-51
84
36
-68
-79
-19
-110
-85
39
-106
74
37
42
-47
40
-71
37
-124
-97
72
-7
-59
65
60
-67
-86
84
-11
19
-128
83
90
-96
-127
76
25
-29
-39
54
-110
50
4
-28
79
86
89
5
76
21
86
85
1
-112
28
-44
42
-61
-47
81
8
-126
89
65
-113
-27
-59
26
80
93
62
-7
86
-114
77
85
125
-82
25
-107
-18
-41
83
87
-75
-28
-75
81
-33
0
-27
120
87
-79
48
-51
102
-90
-40
37
-87
-69
-103
-42
-81
121
-11
90
106
84
-107
100
-99
-67
21
-120
90
18
126
97
121
62
-42
53
-51
-30
123
23
-53
1
19
93
13
82
69
124
-72
-16
-11
-36
95
15
100
-75
-115
-69
-113
38
5
99
-112
-104
-10
66
-52
99
98
54
17
-118
35
-36
-58
48
99
-89
-96
125
-103
-99
-61
70
75
37
-96
89
111
-125
-90
102
-84
74
-15
-110
35
35
102
114
100
-48
-97
29
-87
32
-5
118
-116
22
120
90
-37
-21
50
105
72
45
9
-84
-15
101
54
-118
105
13
127
-47
-71
0
50
70
-30
80
94
-37
-74
92
90
108
-125
-114
73
-79
-58
-93
118
-38
110
-57
-99
113
-51
-42
25
-57
34
81
9
-100
63
62
-101
115
64
-16
33
-50
125
-23
87
32
112
118
1
69
-47
-95
15
119
88
43
-11
-99
79
-81
-66
117
-41
117
-127
-36
126
61
119
110
118
-35
-120
17
-32
-112
0
23
-106
-40
-1
-34
78
-65
38
123
-44
27
-55
-31
13
-119
71
-93
121
120
75
-47
-10
-78
103
-9
-33
-125
25
31
43
-40
-83
124
-61
42
-119
-12
-86
68
-41
-41
124
125
62
-94
7
66
31
40
41
97
78
32
-17
-88
11
-126
-22
10
2
7
67
79
-8
32
-128
127
-52
-14
29
-2
-28
-88
108
-47
-73
33
79
-43
1
-121
96
-31
18
18
-81
20
-72
112
-123
2
-22
-126
39
-18
66
120
-111
-12
91
-94
117
70
-66
-117
-75
98
46
39
75
-19
120
-85
-118
-70
-25
-14
54
-104
57
40
-7
-128
-24
-93
27
-98
-46
-114
-46
108
-78
57
81
101
-56
-58
-114
-15
-32
62
64
-57
-35
105
6
-54
30
-92
11
44
88
-110
-77
-14
-50
77
7
-60
57
35
-110
-9
35
-114
88
-52
-109
57
72
-119
-40
-27
3
-109
125
-106
-1
-16
-22
90
10
86
73
97
-107
92
49
14
109
-8
-67
-7
-89
-112
103
38
122
62
-27
-101
-70
-17
14
103
65
-124
41
-110
-101
116
-62
118
114
20
-30
-71
-51
13
-41
39
71
11
-109
-100
35
63
-46
119
-36
81
9
-51
-99
125
-59
114
-114
-40
-90
-118
16
-50
-45
40
69
-58
77
-93
10
55
-78
-117
54
-39
-54
56
-93
-85
-53
-6
-100
106
-87
42
112
89
-29
105
54
11
92
-91
19
125
26
-97
-45
116
10
125
-92
-114
-67
-38
-91
-82
-16
122
-118
110
-11
-86
-128
-5
-53
-85
-106
74
-6
-92
-121
25
42
-106
-87
102
51
2
-77
-14
2
-102
-36
-89
41
43
-98
119
-65
-83
-29
-51
-54
-65
-31
-1
122
-34
-83
-55
20
42
-50
-64
-64
-37
22
61
41
-84
97
80
-31
-79
119
17
66
-57
30
23
-69
56
-79
-103
-123
-42
-35
79
4
75
113
-7
86
109
-126
113
120
-76
59
-57
82
-34
83
10
59
108
-75
33
103
114
-19
58
84
91
-79
84
-22
-82
60
37
-5
-72
-14
92
94
-19
123
38
-101
-110
-71
89
-55
-118
-11
74
82
-21
-42
-98
-74
-17
29
-108
19
-66
-25
-73
-82
-7
-1
-34
-85
-40
-66
-128
-57
83
7
-24
-39
108
16
77
54
-80
35
113
-4
-61
59
91
-101
12
-1
-68
-116
35
-62
68
94
-25
16
2
119
92
70
94
67
113
84
114
-40
-60
-59
-95
83
22
120
-47
-84
115
-60
62
-87
-13
38
-69
19
-36
-84
67
-19
50
117
-113
-98
-54
-2
-108
115
37
-102
-93
-4
-107
-53
62
101
-73
61
110
-25
108
-31
53
-105
-77
-47
-97
-109
-52
115
-44
55
52
116
-76
-36
-60
-49
77
67
107
74
-73
4
45
63
35
-56
116
0
-4
-101
-48
121
71
111
64
118
-21
-3
58
-48
-49
-72
115
91
75
-115
-83
94
52
46
-11
-52
-13
53
-41
-70
25
31
95
-45
24
77
121
-42
-28
-108
39
99
62
-80
29
-105
111
-74
-74
25
-23
84
-39
38
75
83
107
44
13
-83
-127
-37
-86
6
111
121
-40
4
93
-30
-23
-45
55
122
79
-4
-35
54
-117
19
122
53
-91
-99
-36
-35
64
2
-113
-117
77
54
-34
16
56
-128
-8
4
-11
26
-32
-59
-59
-65
-126
33
123
126
56
-30
-34
-114
27
-103
-14
-103
-66
112
-83
-51
121
82
-12
115
-27
31
-113
-85
-105
-70
105
126
119
-26
32
-39
-5
-90
81
127
14
-88
11
15
-70
35
-12
-82
-21
63
57
71
-91
79
66
-66
-89
-23
-53
69
23
-80
-29
38
-66
-5
106
119
-69
-56
-70
-87
-20
-93
-60
-29
-65
104
44
126
-11
-18
-26
-113
43
-58
30
-22
79
30
94
44
60
44
3
-47
-14
-79
78
-109
-59
31
-104
-33
39
-16
-122
-89
-93
-43
-22
-73
-81
91
-102
-54
-3
35
103
-14
-9
-121
9
87
-47
80
13
-33
67
-9
126
102
-73
-20
-5
35
-81
-96
-2
50
62
-126
-19
14
-8
41
106
87
-30
-100
-73
31
-79
-8
-112
44
83
-5
104
102
-81
-36
105
51
-65
-16
-17
5
-3
-84
96
-89
-13
-54
29
111
-20
-2
109
-73
-112
0
40
-63
32
40
116
88
-64
-85
-80
33
2
103
89
-36
14
46
-27
96
35
3
-11
-70
-64
24
48
-104
80
95
28
-3
1
-32
-22
-104
7
80
-84
-40
31
82
-52
0
72
7
-33
86
56
46
124
-12
64
-81
-121
-92
2
-125
-73
-33
10
-33
-53
120
42
-44
-25
16
-83
9
70
120
-16
56
16
18
32
-57
102
96
3
64
86
81
12
-33
17
52
49
79
-65
-48
-4
15
114
89
-124
76
107
107
-79
20
-33
-58
68
58
17
62
18
-65
-37
-16
75
-116
-107
65
0
18
-8
-28
-56
91
29
-102
-127
105
53
-92
-123
85
52
29
22
-68
119
-104
92
77
83
-127
88
22
-93
108
-124
99
73
127
65
-66
100
37
70
125
-109
51
24
-71
-28
20
103
11
-24
113
-66
24
92
-56
-64
127
9
88
113
-32
20
46
7
84
-49
59
31
-93
34
112
115
-121
-40
65
-48
28
2
-28
-100
-126
-103
-4
-78
45
50
-57
-120
55
-31
7
35
-54
-58
-40
-114
127
73
2
33
34
-128
30
-32
-109
44
77
66
118
75
67
-55
81
-97
-1
36
-104
24
-20
-105
-118
-90
-110
81
36
-85
-65
-68
-91
-71
-13
-110
-80
-34
-71
74
-9
-117
-57
42
-33
40
32
-85
106
126
114
-116
41
88
-125
24
-68
-94
-43
-78
-30
-97
-29
-117
-79
107
-85
44
-28
-17
56
-72
-100
-104
-62
-29
46
-10
-117
-60
-54
29
37
-109
40
-84
-21
-116
-56
-25
110
49
-71
-100
44
-57
55
10
-77
29
50
60
26
12
-44
-46
84
35
76
104
71
77
17
-107
93
55
-29
-121
120
-36
-5
-39
-29
83
54
-20
-83
-124
-26
104
-43
115
-111
-74
-67
14
64
95
-5
56
72
-58
48
-25
114
34
-13
-125
59
-37
33
-36
-3
-56
10
99
-35
69
-2
-113
49
-124
25
60
112
-78
-20
-7
61
9
-93
-59
60
9
75
17
7
57
-21
-44
30
109
113
-112
32
94
25
65
92
-118
53
13
48
-124
-108
35
65
11
-68
41
24
-16
59
68
104
76
-1
81
-99
93
42
69
-17
-80
77
23
-36
126
-76
108
69
-68
31
-87
47
58
-115
-76
-102
-85
-31
-110
-37
41
-7
73
70
-98
-31
32
93
-74
4
-80
73
115
99
-87
63
-109
-24
4
-45
-17
-5
-45
80
17
-74
79
-103
-17
-35
57
91
36
-92
-53
79
-43
-109
17
66
-100
-7
-27
13
81
-46
-108
24
0
-84
80
-119
-14
-111
74
22
-30
53
24
83
92
55
-123
80
87
35
21
91
-99
114
-107
-21
32
-52
87
73
101
1
95
39
-73
-123
66
85
-92
15
5
99
-24
-113
-27
-110
64
81
22
59
-33
113
89
95
-88
109
101
-6
37
-107
-98
90
-82
29
69
113
-116
57
53
-22
36
-50
-41
80
-103
103
92
-40
113
-91
114
-76
-15
21
-23
92
-60
72
125
-124
-78
108
-122
56
61
-81
24
15
48
-8
96
25
125
-23
-122
-20
-32
-90
24
96
-67
105
21
-99
-112
108
86
117
-83
88
-103
-125
-96
102
103
106
-108
45
-110
51
47
70
99
100
-4
7
89
-88
-116
-33
86
-113
24
-34
90
-46
70
23
104
40
20
37
-93
-34
18
-106
-66
107
32
-35
-59
-66
27
39
-10
-18
74
-114
27
115
-1
41
110
-21
19
113
-67
74
-52
102
-38
110
24
-76
121
-49
71
110
-73
41
47
-39
-100
67
122
39
115
-68
-49
-39
-55
-56
28
-9
14
113
-98
0
-123
-38
91
-77
7
113
101
37
93
51
1
-50
119
-112
119
-115
-46
52
94
39
64
118
-25
-110
-67
-18
-51
-123
-9
-105
-102
-26
30
-48
125
94
123
-1
91
93
-30
-40
70
71
-108
120
-48
84
-59
-14
113
-39
71
-28
127
79
-97
53
-107
30
127
-89
54
-67
-6
21
66
103
-52
124
-39
96
106
4
-25
117
24
38
-110
64
-96
-83
9
44
-126
-122
-2
62
4
10
115
104
31
-127
55
-85
58
17
-17
111
-8
125
-127
56
97
42
122
36
-122
45
97
26
16
-11
-13
-120
88
-121
-84
34
-66
45
41
40
-40
-125
44
26
34
49
-83
51
-117
-119
110
-6
35
23
125
-8
-81
-119
-10
-119
26
57
65
110
24
-37
-52
-63
-93
-39
-86
-84
-113
20
-25
-70
57
-63
73
-120
-49
-114
106
123
114
77
-9
54
105
47
-96
1
-28
-32
75
52
-111
127
51
-110
78
-97
100
-119
57
-111
122
88
-26
90
-99
-23
41
83
-15
57
37
84
-5
16
-105
-5
91
106
90
103
-86
9
89
-106
82
-24
-70
109
-50
-11
105
-127
38
-68
38
97
-31
71
-103
117
34
-46
107
73
20
105
-107
-102
-42
44
66
113
94
-27
9
-29
40
-41
-89
-33
-104
-68
-97
3
-80
106
125
-67
101
-7
-43
-100
-42
111
-122
-114
-103
-79
-38
4
114
99
-88
35
-85
126
-95
26
18
-126
-128
-48
-126
74
39
-95
50
-11
-2
-97
-58
-86
10
84
-50
42
-87
-22
124
-125
-92
-17
81
-70
-109
102
-52
106
101
-91
0
-123
-22
-87
-107
-47
58
-89
-1
30
106
-16
-103
-20
-87
1
-75
74
-95
-13
72
-70
-78
-85
-116
105
38
-66
-88
-96
-102
-27
-39
-25
43
4
54
76
-84
65
97
66
-66
-86
123
-54
-33
-81
-18
87
-102
-50
81
55
11
54
72
-92
-20
112
-82
51
-80
-43
-20
-30
-58
52
44
-117
57
-79
-115
-119
46
-46
57
-68
-37
114
-5
-74
-19
75
22
30
-76
-115
23
-114
-41
-102
-23
-117
75
-73
93
-58
-94
-19
-3
-37
-85
-128
27
31
-18
-23
-33
-41
-69
-110
82
66
-23
4
-38
-5
-122
-72
127
25
86
-9
-80
125
27
-1
42
12
111
-49
106
112
-65
-37
74
-58
-3
82
-103
27
-14
-65
93
-3
43
11
120
-116
-68
41
122
-118
112
-16
-97
79
-64
-46
-27
95
14
-74
-23
60
46
-62
89
121
83
21
62
-43
124
117
37
73
49
-46
-78
-88
-58
-5
-26
51
20
-31
-31
-4
80
-59
106
-100
95
45
-57
17
-100
-70
-67
-41
114
-68
13
1
-54
-3
-99
-33
35
-17
-19
-84
-81
-53
66
13
-117
63
108
-1
-100
-59
-24
-24
-13
-108
93
6
-49
114
83
-17
60
-79
-14
76
-41
-52
43
50
23
66
-29
-123
-35
57
-77
-101
-12
8
60
88
-47
106
48
51
77
-16
109
125
56
-48
121
125
-45
81
2
-110
-3
71
-38
-83
117
-96
111
87
-41
-103
84
123
84
83
27
-19
92
-41
8
100
-57
110
36
79
-19
-128
-60
-24
-10
-114
-78
-86
-38
88
14
59
106
39
-84
125
-90
-37
-33
52
59
118
104
60
77
-8
6
-89
119
-90
-22
-25
-34
27
62
75
126
119
67
125
-46
-35
101
-67
31
-124
-124
-119
30
32
61
126
56
97
12
4
-29
57
30
-61
-114
-23
-38
110
49
-30
28
46
-73
-100
29
-74
-2
104
0
108
-7
-26
-43
82
-25
3
-66
23
-106
61
119
94
84
-28
52
-29
-93
-81
73
-120
94
-101
-118
-38
-70
56
-48
-6
-22
-60
101
-25
-82
56
48
-114
-125
-24
-85
127
31
-68
-29
125
-2
-52
-47
124
123
56
-108
-103
-19
32
-49
87
-78
-1
115
94
-57
-20
-105
-48
-45
-55
46
-42
15
28
43
31
-68
6
-48
85
-13
6
-113
-113
-61
-63
-28
-49
46
-13
69
-60
23
-45
96
-107
79
84
-71
107
-67
-107
63
55
-9
21
-21
-121
-47
-43
61
15
64
-11
-111
124
71
-21
-39
11
15
-104
-99
121
126
-2
-127
-79
-6
-10
-52
-1
-20
67
-2
-1
-128
-8
-72
12
3
-10
110
-16
-1
-26
122
115
127
-9
40
-52
-3
18
-57
55
-9
-17
-102
31
-51
-1
-98
28
-104
1
-113
56
80
30
-6
-80
-64
103
-32
-41
1
124
7
48
11
-121
-23
-80
51
3
-95
-21
40
24
-53
-126
32
107
120
30
65
-121
1
-114
7
59
4
-60
17
120
-38
48
78
5
-20
-106
44
41
64
-109
16
-80
2
125
-62
-43
112
-50
9
-16
118
44
36
-6
-12
-96
-69
11
-123
-124
36
63
8
-26
-128
-49
-50
-80
-61
71
-123
-114
13
-112
35
-8
63
114
-24
-48
-2
12
78
-35
24
76
-8
-105
-31
22
-126
125
-60
19
30
48
18
75
-83
76
68
-66
45
-15
17
16
-50
13
36
86
-38
98
65
119
-49
69
69
-12
71
-1
22
-18
5
-48
84
-46
55
1
124
20
-45
-27
-92
111
-100
5
33
-99
-102
-86
-122
-73
-118
-107
25
13
101
-108
96
-100
-104
81
-83
25
43
-105
-32
123
-18
-37
113
-3
-99
101
-57
-76
-16
-44
30
58
95
-4
114
-6
-18
33
-23
31
-2
65
108
-128
-85
-22
-62
0
-62
-28
-120
-22
-36
-124
33
83
28
64
-118
48
-1
66
18
33
-62
-73
-64
-105
-111
3
50
70
18
5
-55
-26
-120
-102
37
-117
-86
52
-106
-107
107
18
86
39
-76
116
104
-89
-78
-20
-126
-124
-75
121
-118
-34
-102
10
42
-83
-10
84
-88
-110
-21
-126
-106
43
82
119
-4
-65
58
123
-14
-9
24
-20
75
97
8
-120
44
-47
-51
-36
-70
12
66
18
-7
44
-40
123
-20
-61
-118
-125
-93
36
124
105
76
-92
-63
32
50
121
-8
36
-55
-115
4
99
49
51
-117
88
-12
-43
8
-105
3
120
-92
102
13
0
-127
69
53
-68
-37
112
-42
-100
84
-61
66
55
124
25
92
-30
52
-97
19
-72
-77
-58
78
-55
65
-65
58
-45
41
-20
-19
-26
-6
-29
-124
56
-118
78
92
-13
39
67
19
-48
-60
12
15
12
-26
66
63
56
-30
52
-1
-33
-99
-77
-5
63
33
-16
109
12
42
-36
20
24
-20
-44
-112
45
91
-12
65
51
-4
-55
0
110
78
-92
55
64
44
16
-111
20
94
14
-60
95
-55
-116
-111
121
-25
117
69
-13
-59
-115
31
-43
-53
-44
79
70
-53
115
49
46
-3
103
100
-67
20
-73
-110
-80
-3
-87
74
-87
102
125
33
71
-44
-124
-93
74
-78
-28
65
62
52
36
-28
-18
-38
5
83
-11
95
113
77
39
44
-63
56
-43
-99
4
-10
78
-65
89
-47
66
-53
92
-123
20
6
41
-44
7
-37
-108
82
20
62
-59
72
113
41
5
25
81
-51
69
-19
80
-61
-85
-27
81
7
111
-107
108
-101
-35
86
-8
56
-39
95
-88
124
69
118
84
17
-22
37
105
102
83
85
-73
40
-49
-106
-110
82
9
90
-43
2
-3
98
-39
83
69
-126
90
-68
89
-31
121
103
-82
101
-30
-69
39
23
2
113
-80
95
13
-116
-7
117
-105
-8
-43
-39
94
-116
-40
17
-123
7
59
22
24
24
-78
-104
23
-92
-65
97
73
120
61
-122
-16
-26
54
37
97
-126
74
-35
-97
-18
8
-42
65
41
114
-39
-20
-36
54
100
17
78
-39
-101
-26
-96
118
64
101
1
5
125
-86
65
-71
54
-87
-55
117
26
-54
-12
127
106
-88
24
101
-87
7
-51
118
-118
106
-111
-29
-75
-69
-25
86
22
-6
-97
-44
91
-42
120
-78
109
71
64
-31
-77
113
-87
-10
-58
109
118
-123
-75
-61
-10
70
103
52
-98
-103
28
-34
-71
-42
113
91
-64
-15
-50
82
91
23
42
113
-37
1
105
-47
101
102
-105
83
-32
31
-99
-15
-37
51
119
56
70
-119
-37
110
35
-25
103
118
-49
11
125
-27
7
-68
-89
-69
-4
120
-98
125
62
108
123
126
-31
89
-24
96
-80
-9
-66
121
75
30
-99
-13
18
-62
-9
-56
46
-71
-97
-88
-79
107
124
106
73
25
-12
20
68
103
-47
127
-121
14
-66
12
108
-42
56
28
-28
-84
-32
-86
-116
60
-125
18
66
-50
10
-110
-121
120
40
-128
-71
10
86
22
-38
-84
-88
75
105
0
-95
37
33
31
-121
-122
99
-106
24
85
-95
-72
92
-122
-51
70
62
42
39
-41
104
-82
14
-5
98
32
-32
13
-117
33
115
30
34
-83
-34
40
-72
-117
-31
-32
-86
55
66
35
24
-4
-87
-47
99
-27
-108
-35
-113
97
38
6
58
-30
71
-24
-25
-116
-53
-116
-6
66
-106
-120
-119
24
107
-117
36
102
71
-35
-111
-86
34
-122
68
-124
19
73
27
-111
-121
-29
2
86
-54
-35
-87
79
-14
-127
-91
-35
72
63
-106
29
60
-122
92
126
-97
-71
70
-107
-21
114
110
111
37
32
-87
-103
1
83
-26
-106
121
124
-104
-122
-90
-14
106
-37
54
121
-128
-104
50
30
-30
125
58
-14
89
-18
-40
57
-25
3
81
-87
-100
3
-88
-114
123
106
115
-87
-18
-98
57
84
-74
-115
39
113
26
6
96
-7
-24
38
-75
103
-95
41
-53
-66
-125
37
-70
-102
53
-95
112
105
-94
-102
-125
-86
10
83
36
-1
105
65
83
-128
-89
-111
91
34
-103
86
9
10
122
-89
-116
-128
-14
-82
-59
-39
122
-112
-128
-52
106
-94
99
55
-86
86
-50
34
-93
70
88
106
-107
-88
-75
58
-42
-73
83
-21
42
-26
22
71
107
51
-34
-30
-81
79
94
-70
-67
54
11
74
-18
-84
-37
28
-98
-62
117
34
-21
62
-27
65
108
99
-21
-12
-80
105
105
-42
-51
-105
27
59
61
-78
-17
-127
62
-34
-7
111
27
104
-101
53
109
84
-21
-88
-76
-80
90
50
-48
44
-117
-101
107
-76
-96
-88
-90
-24
-63
-62
123
-93
-97
111
-18
-38
-14
-108
-71
-49
118
-50
-29
33
-55
-5
-71
-72
59
112
-110
-10
90
6
59
-24
69
-117
47
116
10
89
-68
86
-94
6
-13
76
-112
107
-36
-65
-42
-4
75
3
-83
121
-68
51
-44
61
-16
73
15
-100
-64
79
59
79
10
96
68
-116
50
-61
89
-17
-9
27
60
-128
-36
83
-55
-128
113
-31
125
-103
-58
117
-123
35
30
-37
-15
-20
78
-59
-123
-63
59
40
91
-8
-100
-122
44
67
-78
-67
-20
6
-55
89
32
-29
39
-20
-93
28
-100
-53
106
-103
63
62
-76
-3
28
-3
-58
-35
51
-113
-30
-97
-51
66
-33
-45
49
10
-18
28
-15
-52
95
28
-57
75
20
59
77
24
30
74
52
113
0
-72
-47
-56
-24
-65
74
-18
16
77
53
-47
-17
-89
59
93
0
-89
109
69
-101
21
-75
80
-26
-1
-42
45
99
83
85
34
122
77
88
-43
-36
49
-77
100
26
-105
-3
-92
-88
109
54
-101
-86
53
-40
-99
74
-29
103
-93
-32
29
-124
-40
121
-8
123
114
-103
53
93
-30
35
47
55
110
-66
124
-35
-43
52
-29
125
-17
-26
-67
-39
-36
19
-49
-13
-115
79
13
-98
58
104
68
-8
43
24
124
-30
116
-107
59
-117
-123
114
-50
47
-31
79
-38
-105
-110
1
-97
14
99
113
-25
-7
46
-14
-21
-26
-27
15
43
-111
-22
63
110
124
-26
123
-48
99
-84
5
76
126
-101
59
52
-70
37
77
-38
-24
-95
-108
71
-81
-94
-35
14
-95
-21
-17
62
-57
-71
-106
-109
-82
-52
-59
-47
59
-79
-36
-110
-20
63
-11
-37
-75
5
94
46
-59
-19
-54
75
87
-50
114
-2
-113
8
61
-33
-68
-110
-21
98
-14
-64
-109
-45
-50
-59
-60
-81
59
-16
-12
-45
-65
-40
-64
112
127
96
-99
-120
-3
-17
28
116
-11
-1
-82
103
-42
72
90
63
126
-9
6
-128
3
-17
99
-19
-1
-107
66
81
-2
-75
-22
48
-6
-60
-14
83
-19
-123
-51
-33
-74
-7
-41
73
51
-8
-50
57
63
-17
-60
31
-1
44
-16
-1
-4
-57
64
95
-11
-54
-17
-49
-18
-3
38
-127
88
2
110
71
80
57
55
71
-128
-109
-63
19
3
105
-128
-24
14
-40
21
16
52
3
125
8
-60
25
102
37
-112
79
89
-51
1
-41
65
113
7
119
-93
-36
24
102
-33
-32
78
6
34
-64
-92
36
-118
119
80
-75
-25
95
2
-121
77
-34
9
-110
-97
-80
42
-24
-44
-16
-72
9
-60
-67
-8
59
101
-93
0
-23
-36
57
67
-46
26
10
12
-67
80
-4
55
-111
46
-32
-56
15
-99
-42
84
66
66
46
1
58
-70
89
-60
72
-93
-18
16
-80
58
-48
79
-88
-35
97
24
18
99
-106
-84
82
-19
-49
-127
71
73
-85
5
-66
52
-48
20
-8
112
52
81
-33
117
1
97
23
-41
-94
12
111
-84
55
17
-73
56
-9
-58
-46
-72
-96
24
87
-48
36
96
27
47
-111
-115
25
8
48
-108
120
4
-96
81
-19
63
-121
-121
85
120
121
28
26
-60
-92
113
-64
44
65
-31
28
-118
-114
-8
-118
-57
68
98
29
-11
104
-56
-113
-119
125
33
-70
9
-8
-114
-100
-100
34
56
32
-55
-117
28
-106
-100
126
-126
121
81
55
-55
7
-32
38
39
113
104
116
-99
-47
31
66
110
39
114
-35
-32
-82
114
64
-30
-100
-69
78
-118
85
41
-26
42
69
-88
40
-91
-12
66
98
-77
41
45
-13
84
-73
-105
-43
-110
-64
41
102
-117
11
72
75
47
32
-111
24
-77
86
113
2
-64
46
-29
-79
108
-54
-114
112
-29
6
-66
79
-116
-96
52
32
50
-98
36
80
-62
127
-69
-77
10
51
99
-73
-68
-33
-106
26
115
84
-122
110
77
91
-79
37
54
-64
98
92
-44
-118
33
83
64
53
-26
-83
-84
-31
24
52
115
-71
52
83
78
6
-14
-75
58
25
-17
12
-32
82
45
67
-93
56
27
2
-48
-12
44
-128
19
-59
69
-18
15
28
107
38
60
37
47
-12
-12
24
-68
67
-28
