60
2
25
46
24
3
40
69
32
25
104
35
108
3
62
8
0
44
18
6
64
28
39
98
96
114
21
35
90
5
35
31
65
6
33
8
45
96
8
124
90
45
124
70
12
66
63
125
124
67
113
56
95
13
27
57
67
113
18
31
84
76
123
33
38
68
68
42
16
57
66
79
20
101
74
104
90
65
64
110
35
5
121
51
21
21
88
80
68
111
27
101
34
110
91
6
48
25
64
97
31
113
24
122
74
1
7
79
28
19
113
71
13
35
12
44
105
82
59
77
72
34
54
76
72
37
53
96
127
112
70
84
38
4
127
42
51
118
124
97
114
50
9
74
41
19
51
4
83
46
39
62
50
98
75
46
75
75
108
31
51
28
126
38
3
1
94
46
76
102
51
108
80
88
61
52
3
75
3
64
73
13
106
96
53
121
16
27
59
41
12
54
35
83
119
59
108
78
14
63
68
37
99
42
105
79
74
62
98
4
44
65
89
33
7
20
35
106
80
32
65
27
88
7
16
69
83
125
9
22
18
93
36
80
114
46
59
69
57
24
81
25
74
48
21
35
8
38
99
19
4
31
75
114
81
46
78
9
117
57
47
109
83
34
79
102
59
83
82
81
21
48
113
74
17
53
56
9
20
11
83
72
84
78
124
87
93
114
112
117
53
120
72
101
85
77
77
83
74
91
65
103
22
108
103
89
3
41
97
51
93
54
90
112
98
71
101
15
56
58
92
106
36
21
126
23
56
99
88
37
23
38
43
64
60
22
90
49
99
39
45
102
117
113
86
116
112
22
89
121
13
103
61
90
107
84
72
54
37
25
91
55
105
66
89
90
41
110
127
117
102
37
27
27
93
110
91
27
29
113
64
52
21
48
64
28
43
112
16
70
28
126
64
65
119
3
26
98
55
127
1
93
95
119
111
82
87
122
12
17
119
30
80
122
111
9
81
30
88
109
40
127
7
9
54
62
97
65
125
81
95
11
38
14
6
8
88
33
80
113
58
9
92
5
96
62
30
118
98
16
24
70
80
54
46
33
34
98
24
33
89
1
34
119
106
36
112
2
34
48
81
85
38
98
127
116
96
2
56
24
84
1
18
49
116
76
96
69
18
77
40
9
19
113
83
34
126
62
90
72
36
84
74
86
86
114
96
37
68
85
96
61
89
107
40
54
98
121
105
4
38
26
105
38
67
114
62
54
23
41
126
90
124
103
80
83
108
26
125
62
92
69
91
38
64
68
31
101
77
125
35
41
111
118
42
58
29
9
14
58
54
58
61
43
50
89
89
98
62
80
8
15
3
51
4
26
26
54
62
123
125
115
109
59
122
45
34
62
21
78
35
26
10
23
46
8
87
10
22
110
26
2
48
47
115
60
112
47
127
47
106
119
4
60
76
31
95
1
48
73
9
57
76
51
41
30
12
76
116
107
110
61
25
49
28
67
69
91
33
9
92
114
71
82
43
50
63
11
23
61
24
112
116
67
57
115
33
73
100
61
6
10
52
70
52
69
79
45
63
83
114
33
12
53
110
102
39
95
53
1
28
50
97
120
20
54
85
13
118
106
91
34
120
44
121
41
100
120
119
64
105
19
120
106
84
107
56
43
55
91
110
126
79
45
77
45
49
112
127
43
15
86
58
6
115
115
58
97
117
2
14
123
77
109
38
67
85
111
62
61
116
102
57
24
112
121
127
109
79
89
61
97
17
43
125
70
19
39
98
45
62
126
38
59
62
22
32
3
63
56
105
41
3
99
4
97
0
31
105
64
3
87
100
9
0
122
25
118
4
43
92
16
62
40
71
4
12
68
30
127
10
104
42
30
19
93
10
106
92
32
15
43
58
70
39
80
42
3
14
108
4
63
17
18
28
108
68
18
81
17
30
4
38
17
76
52
30
22
88
94
27
81
97
123
49
117
21
74
65
89
97
25
121
102
76
63
109
26
56
110
6
30
32
0
119
76
65
35
0
59
30
0
4
118
33
56
120
46
85
37
34
40
61
37
35
69
127
26
73
118
38
118
84
24
115
42
11
67
96
41
88
37
45
96
116
80
3
66
48
11
7
46
93
27
50
124
124
52
101
88
124
51
75
76
66
55
72
120
107
85
99
70
31
54
14
77
7
119
67
57
84
14
127
79
57
100
80
63
100
56
54
35
15
47
60
96
15
65
96
65
53
51
109
4
37
90
80
113
67
124
4
89
7
16
2
71
52
9
16
25
120
103
69
80
102
21
82
41
74
49
43
72
52
51
18
68
72
44
82
93
61
73
77
14
33
56
84
107
46
79
121
61
23
81
72
124
55
59
28
28
83
71
84
69
85
89
18
81
61
28
5
106
85
87
62
77
83
21
71
88
94
73
89
99
88
7
94
101
22
117
13
3
94
14
53
97
120
86
45
73
92
123
62
5
116
37
99
45
55
44
13
99
35
67
41
61
6
102
110
23
49
45
38
81
17
35
100
75
9
89
105
50
5
26
47
126
64
106
1
26
108
109
31
1
83
109
86
76
111
66
43
77
105
114
32
89
119
7
74
77
47
79
46
115
106
53
42
80
116
79
5
87
125
29
122
125
119
50
93
60
122
101
45
103
94
59
60
120
60
86
65
47
127
55
30
115
31
65
66
127
31
29
43
70
15
55
56
50
26
35
32
77
70
10
5
32
83
20
111
120
49
121
33
8
49
113
31
33
93
22
74
32
55
8
107
60
40
98
72
24
98
88
38
61
23
125
61
95
50
86
16
117
106
76
33
27
22
75
36
63
58
119
99
45
93
2
61
105
76
104
101
90
114
83
95
6
109
124
2
30
57
90
101
38
24
23
94
120
91
39
28
70
121
39
110
38
82
126
1
8
55
7
106
40
106
6
108
42
89
23
16
105
82
122
82
105
104
13
98
46
42
80
36
103
109
46
94
71
90
25
43
43
63
43
96
3
82
14
116
91
59
28
68
108
25
112
39
88
115
9
85
43
12
43
104
80
82
126
109
21
91
1
119
113
58
90
9
11
6
26
13
123
26
111
49
70
10
2
35
48
123
20
11
112
105
68
8
62
16
86
119
39
15
62
45
68
25
15
94
49
123
123
39
106
50
116
91
71
75
42
114
20
59
58
44
19
44
115
118
66
57
60
39
51
63
77
76
13
47
39
116
80
21
65
11
72
52
34
107
119
95
8
112
39
88
48
94
86
27
97
104
93
59
53
118
40
110
54
94
125
95
121
33
38
119
121
57
3
79
119
55
87
27
110
59
35
56
13
7
120
96
28
60
53
91
61
11
64
22
68
57
88
49
14
1
39
122
110
46
12
109
95
119
58
25
47
86
24
115
46
59
58
117
13
123
36
16
46
126
123
81
111
18
110
60
52
95
119
60
11
121
19
7
93
125
65
77
42
103
5
29
88
96
92
95
112
62
34
40
127
75
75
38
99
20
111
46
127
16
43
123
127
43
3
104
92
11
91
96
0
35
20
86
2
35
0
2
64
27
43
4
31
35
16
27
96
81
83
1
73
4
56
96
18
25
9
48
32
57
106
91
2
90
11
102
124
46
2
14
56
52
109
2
35
3
24
73
14
72
77
40
54
3
50
17
85
47
70
64
33
8
4
41
94
45
18
56
13
71
4
127
22
62
82
35
113
121
93
5
77
21
80
73
112
88
54
19
24
23
98
41
126
125
27
67
98
70
30
127
105
38
49
29
41
7
59
74
30
122
7
15
62
34
73
24
44
69
83
111
32
53
39
8
92
83
36
127
26
88
60
50
108
73
45
38
37
127
40
81
23
0
82
74
80
22
10
41
101
10
56
78
46
88
41
76
92
37
56
49
45
44
56
75
112
48
65
80
3
39
42
118
80
48
30
55
35
113
96
125
115
70
1
55
85
56
34
56
42
51
40
98
78
120
112
31
57
4
68
78
87
55
61
114
115
79
34
126
118
62
124
79
25
42
55
64
2
96
17
110
16
11
30
53
64
4
12
16
69
14
111
68
19
93
22
93
40
68
70
23
81
127
75
17
123
13
47
0
90
119
2
73
15
89
43
82
32
78
77
61
27
19
85
79
1
57
19
86
36
81
77
1
75
71
16
64
47
31
83
76
84
113
124
84
83
111
81
82
77
104
54
30
85
90
87
74
82
85
110
91
24
21
102
21
97
6
101
34
89
111
49
99
13
95
39
33
117
53
2
92
67
109
122
87
96
75
22
10
106
99
98
64
39
1
24
16
92
26
92
92
24
91
36
114
38
115
48
123
100
22
57
96
113
102
127
40
114
105
1
36
106
99
80
107
80
13
47
75
110
108
92
87
55
111
18
115
114
21
87
28
113
114
57
71
73
36
46
117
116
48
101
58
119
98
116
41
24
23
41
30
41
16
123
62
73
8
45
87
123
37
21
113
115
124
93
104
66
71
127
59
86
12
80
107
39
68
40
5
103
46
1
118
84
5
86
17
107
122
24
16
101
78
43
122
41
59
56
98
96
53
112
39
103
23
86
54
90
126
56
99
62
63
94
34
64
56
56
97
28
36
70
94
78
105
46
66
83
9
83
37
114
76
87
64
105
70
88
61
58
101
118
19
45
113
50
53
79
30
99
43
108
119
12
25
33
124
81
94
116
37
125
89
62
6
37
106
25
102
10
62
62
54
55
94
90
90
126
96
92
82
78
74
95
13
8
42
37
62
117
75
103
74
46
15
43
85
95
12
44
62
112
58
122
27
33
17
126
116
52
38
113
59
29
5
90
30
72
44
109
8
111
30
83
91
71
14
86
118
100
122
99
110
95
95
31
8
61
59
88
86
121
107
15
66
110
43
69
63
13
124
10
90
87
122
118
71
63
4
56
43
29
82
12
76
71
58
115
24
64
78
87
45
71
76
50
13
28
30
126
27
32
8
110
110
127
54
3
115
8
90
107
111
70
43
58
105
14
71
78
49
125
39
102
126
52
92
88
24
86
79
74
45
25
19
80
0
105
117
89
13
71
51
86
29
124
75
103
84
110
21
118
113
106
99
4
47
99
75
56
112
95
1
106
47
124
93
75
111
37
35
12
121
17
112
59
47
24
53
59
67
52
78
88
8
28
42
91
80
15
30
116
70
123
100
122
12
122
28
70
95
32
30
91
107
84
89
120
0
55
97
58
24
33
100
31
20
116
125
60
125
35
59
27
44
63
86
85
61
61
48
85
45
127
24
83
95
126
125
95
112
90
11
16
51
62
64
63
55
1
32
51
3
94
0
77
3
20
87
11
82
46
112
20
0
37
46
24
105
81
1
95
46
19
7
13
22
18
48
67
7
52
41
44
89
96
66
57
10
22
40
0
11
22
116
59
96
15
109
12
83
32
50
57
112
12
83
73
116
113
5
33
4
121
115
17
110
66
6
19
93
97
112
74
31
107
72
22
24
100
82
17
77
22
121
100
124
6
99
79
25
109
81
25
29
112
122
111
33
113
97
42
31
64
124
15
31
50
17
63
112
72
30
34
67
60
79
85
34
4
32
120
11
73
30
9
39
104
39
67
66
119
38
18
57
40
18
36
100
17
114
43
8
16
86
82
11
46
50
47
112
7
19
55
126
50
78
117
0
64
14
48
72
78
62
48
7
20
52
95
98
72
52
74
116
33
99
51
21
14
59
123
110
32
26
51
59
100
96
50
115
15
69
91
60
107
116
34
49
60
115
76
53
8
21
31
52
31
66
106
0
23
84
46
65
21
19
122
36
104
46
63
17
20
68
12
109
29
88
68
95
68
61
46
84
36
39
74
37
42
40
37
72
65
60
84
19
83
90
76
25
54
50
4
79
86
89
5
76
21
86
85
1
28
42
81
8
89
65
26
80
93
62
86
77
85
125
25
83
87
81
0
120
87
48
102
37
121
90
106
84
100
21
90
18
126
97
121
62
53
123
23
1
19
93
13
82
69
124
95
15
100
38
5
99
66
99
98
54
17
35
48
99
125
70
75
37
89
111
102
74
35
35
102
114
100
29
32
118
22
120
90
50
105
72
45
9
101
54
105
13
127
0
50
70
80
94
92
90
108
73
118
110
113
25
34
81
9
63
62
115
64
33
125
87
32
112
118
1
69
15
119
88
43
79
117
117
126
61
119
110
118
17
0
23
78
38
123
27
13
71
121
120
75
103
25
31
43
124
42
68
124
125
62
7
66
31
40
41
97
78
32
11
10
2
7
67
79
32
127
29
108
33
79
1
96
18
18
20
112
2
39
66
120
91
117
70
98
46
39
75
120
54
57
40
27
108
57
81
101
62
64
105
6
30
11
44
88
77
7
57
35
35
88
57
72
3
125
90
10
86
73
97
92
49
14
109
103
38
122
62
14
103
65
41
116
118
114
20
13
39
71
11
35
63
119
81
9
125
114
16
40
69
77
10
55
54
56
106
42
112
89
105
54
11
92
19
125
26
116
10
125
122
110
74
25
42
102
51
2
2
41
43
119
122
20
42
22
61
41
97
80
119
17
66
30
23
56
79
4
75
113
86
109
113
120
59
82
83
10
59
108
33
103
114
58
84
91
84
60
37
92
94
123
38
89
74
82
29
19
83
7
108
16
77
54
35
113
59
91
12
35
68
94
16
2
119
92
70
94
67
113
84
114
83
22
120
115
62
38
19
67
50
117
115
37
62
101
61
110
108
53
115
55
52
116
77
67
107
74
4
45
63
35
116
0
121
71
111
64
118
58
115
91
75
94
52
46
53
25
31
95
24
77
121
39
99
62
29
111
25
84
38
75
83
107
44
13
6
111
121
4
93
55
122
79
54
19
122
53
64
2
77
54
16
56
4
26
33
123
126
56
27
112
121
82
115
31
105
126
119
32
81
127
14
11
15
35
63
57
71
79
66
69
23
38
106
119
104
44
126
43
30
79
30
94
44
60
44
3
78
31
39
91
35
103
9
87
80
13
67
126
102
35
50
62
14
41
106
87
31
44
83
104
102
105
51
5
96
29
111
109
0
40
32
40
116
88
33
2
103
89
14
46
96
35
3
24
48
80
95
28
1
7
80
31
82
0
72
7
86
56
46
124
64
2
10
120
42
16
9
70
120
56
16
18
32
102
96
3
64
86
81
12
17
52
49
79
15
114
89
76
107
107
20
68
58
17
62
18
75
65
0
18
91
29
105
53
85
52
29
22
119
92
77
83
88
22
108
99
73
127
65
100
37
70
125
51
24
20
103
11
113
24
92
127
9
88
113
20
46
7
84
59
31
34
112
115
65
28
2
45
50
55
7
35
127
73
2
33
34
30
44
77
66
118
75
67
81
36
24
81
36
74
42
40
32
106
126
114
41
88
24
107
44
56
46
29
37
40
110
49
44
55
10
29
50
60
26
12
84
35
76
104
71
77
17
93
55
120
83
54
104
115
14
64
95
56
72
48
114
34
59
33
10
99
69
49
25
60
112
61
9
60
9
75
17
7
57
30
109
113
32
94
25
65
92
53
13
48
35
65
11
41
24
59
68
104
76
81
93
42
69
77
23
126
108
69
31
47
58
41
73
70
32
93
4
73
115
99
63
4
80
17
79
57
91
36
79
17
66
13
81
24
0
80
74
22
53
24
83
92
55
80
87
35
21
91
114
32
87
73
101
1
95
39
66
85
15
5
99
64
81
22
59
113
89
95
109
101
37
90
29
69
113
57
53
36
80
103
92
113
114
21
92
72
125
108
56
61
24
15
48
96
25
125
24
96
105
21
108
86
117
88
102
103
106
45
51
47
70
99
100
7
89
86
24
90
70
23
104
40
20
37
18
107
32
27
39
74
27
115
41
110
19
113
74
102
110
24
121
71
110
41
47
67
122
39
115
28
14
113
0
91
7
113
101
37
93
51
1
119
119
52
94
39
64
118
30
125
94
123
91
93
70
71
120
84
113
71
127
79
53
30
127
54
21
66
103
124
96
106
4
117
24
38
64
9
44
62
4
10
115
104
31
55
58
17
111
125
56
97
42
122
36
45
97
26
16
88
34
45
41
40
44
26
34
49
51
110
35
23
125
26
57
65
110
24
20
57
73
106
123
114
77
54
105
47
1
75
52
127
51
78
100
57
122
88
90
41
83
57
37
84
16
91
106
90
103
9
89
82
109
105
38
38
97
71
117
34
107
73
20
105
44
66
113
94
9
40
3
106
125
101
111
4
114
99
35
126
26
18
74
39
50
10
84
42
124
81
102
106
101
0
58
30
106
1
74
72
105
38
43
4
54
76
65
97
66
123
87
81
55
11
54
72
112
51
52
44
57
46
57
114
75
22
30
23
75
93
27
31
82
66
4
127
25
86
125
27
42
12
111
106
112
74
82
27
93
43
11
120
41
122
112
79
95
14
60
46
89
121
83
21
62
124
117
37
73
49
51
20
80
106
95
45
17
114
13
1
35
66
13
63
108
93
6
114
83
60
76
43
50
23
66
57
8
60
88
106
48
51
77
109
125
56
121
125
81
2
71
117
111
87
84
123
84
83
27
92
8
100
110
36
79
88
14
59
106
39
125
52
59
118
104
60
77
6
119
27
62
75
126
119
67
125
101
31
30
32
61
126
56
97
12
4
57
30
110
49
28
46
29
104
0
108
82
3
23
61
119
94
84
52
73
94
56
101
56
48
127
31
125
124
123
56
32
87
115
94
46
15
28
43
31
6
85
6
46
69
23
96
79
84
107
63
55
21
61
15
64
124
71
11
15
121
126
67
12
3
110
122
115
127
40
18
55
31
28
1
56
80
30
103
1
124
7
48
11
51
3
40
24
32
107
120
30
65
1
7
59
4
17
120
48
78
5
44
41
64
16
2
125
112
9
118
44
36
11
36
63
8
71
13
35
63
114
12
78
24
76
22
125
19
30
48
18
75
76
68
45
17
16
13
36
86
98
65
119
69
69
71
22
5
84
55
1
124
20
111
5
33
25
13
101
96
81
25
43
123
113
101
30
58
95
114
33
31
65
108
0
33
83
28
64
48
66
18
33
3
50
70
18
5
37
52
107
18
86
39
116
104
121
10
42
84
43
82
119
58
123
24
75
97
8
44
12
66
18
44
123
36
124
105
76
32
50
121
36
4
99
49
51
88
8
3
120
102
13
0
69
53
112
84
66
55
124
25
92
52
19
78
65
58
41
56
78
92
39
67
19
12
15
12
66
63
56
52
63
33
109
12
42
20
24
45
91
65
51
0
110
78
55
64
44
16
20
94
14
95
121
117
69
31
79
70
115
49
46
103
100
20
74
102
125
33
71
74
65
62
52
36
5
83
95
113
77
39
44
56
4
78
89
66
92
20
6
41
7
82
20
62
72
113
41
5
25
81
69
80
81
7
111
108
86
56
95
124
69
118
84
17
37
105
102
83
85
40
82
9
90
2
98
83
69
90
89
121
103
101
39
23
2
113
95
13
117
94
17
7
59
22
24
24
23
97
73
120
61
54
37
97
74
8
65
41
114
54
100
17
78
118
64
101
1
5
125
65
54
117
26
127
106
24
101
7
118
106
86
22
91
120
109
71
64
113
109
118
70
103
52
28
113
91
82
91
23
42
113
1
105
101
102
83
31
51
119
56
70
110
35
103
118
11
125
7
120
125
62
108
123
126
89
96
121
75
30
18
46
107
124
106
73
25
20
68
103
127
14
12
108
56
28
60
18
66
10
120
40
10
86
22
75
105
0
37
33
31
99
24
85
92
70
62
42
39
104
14
98
32
13
33
115
30
34
40
55
66
35
24
99
97
38
6
58
71
66
24
107
36
102
71
34
68
19
73
27
2
86
79
72
63
29
60
92
126
70
114
110
111
37
32
1
83
121
124
106
54
121
50
30
125
58
89
57
3
81
3
123
106
115
57
84
39
113
26
6
96
38
103
41
37
53
112
105
10
83
36
105
65
83
91
34
86
9
10
122
122
106
99
55
86
34
70
88
106
58
83
42
22
71
107
51
79
94
54
11
74
28
117
34
62
65
108
99
105
105
27
59
61
62
111
27
104
53
109
84
90
50
44
107
123
111
118
33
59
112
90
6
59
69
47
116
10
89
86
6
76
107
75
3
121
51
61
73
15
79
59
79
10
96
68
50
89
27
60
83
113
125
117
35
30
78
59
40
91
44
67
6
89
32
39
28
106
63
62
28
51
66
49
10
28
95
28
75
20
59
77
24
30
74
52
113
0
74
16
77
53
59
93
0
109
69
21
80
45
99
83
85
34
122
77
88
49
100
26
109
54
53
74
103
29
121
123
114
53
93
35
47
55
110
124
52
125
19
79
13
58
104
68
43
24
124
116
59
114
47
79
1
14
99
113
46
15
43
63
110
124
123
99
5
76
126
59
52
37
77
71
14
62
59
63
5
94
46
75
87
114
8
61
98
59
112
127
96
28
116
103
72
90
63
126
6
3
99
66
81
48
83
73
51
57
63
31
44
64
95
38
88
2
110
71
80
57
55
71
19
3
105
14
21
16
52
3
125
8
25
102
37
79
89
1
65
113
7
119
24
102
78
6
34
36
119
80
95
2
77
9
42
9
59
101
0
57
67
26
10
12
80
55
46
15
84
66
66
46
1
58
89
72
16
58
79
97
24
18
99
82
71
73
5
52
20
112
52
81
117
1
97
23
12
111
55
17
56
24
87
36
96
27
47
25
8
48
120
4
81
63
85
120
121
28
26
113
44
65
28
68
98
29
104
125
33
9
34
56
32
28
126
121
81
55
7
38
39
113
104
116
31
66
110
39
114
114
64
78
85
41
42
69
40
66
98
41
45
84
41
102
11
72
75
47
32
24
86
113
2
46
108
112
6
79
52
32
50
36
80
127
10
51
99
26
115
84
110
77
91
37
54
98
92
33
83
64
53
24
52
115
52
83
78
6
58
25
12
82
45
67
56
27
2
44
19
69
15
28
107
38
60
37
47
24
67
